280.59,272.15,277.01,285.43,
279.24,289.13,287.42,287.75,
281.96,273.32,278.52,283.97,
292.84,297.12,306.35,304.8,
306.41,309.37,300.7,294.27,
295.88,299.88,291.71,283.02,
279.75,278.65,273.68,279.92,
270.67,267.73,262.55,257.39,
257.07,261.95,271.76,262.7,
262.88,270.7,261.53,254.0,
255.29,251.71,245.03,242.82,
236.24,228.23,227.05,225.99,
221.14,221.06,219.38,217.56,
212.29,203.58,201.69,194.33,
194.49,194.26,194.52,204.22,
201.29,197.11,204.43,208.17,
214.84,223.8,216.86,225.44,
220.99,222.62,226.74,232.01,
230.07,238.5,235.99,232.33,
223.45,229.09,225.76,226.59,
218.42,214.49,217.93,217.67,
224.21,231.93,230.67,224.77,
232.8,239.46,240.76,246.15,
246.27,239.75,236.1,226.14,
222.74,224.04,218.68,224.14,
215.56,221.86,230.6,222.51,
229.53,235.87,244.83,235.65,
242.3,241.88,234.7,234.73,
239.46,238.47,237.58,244.63,
250.91,251.15,249.43,255.31,
250.9,259.11,262.09,267.5,
271.65,274.69,275.56,282.78,
292.38,286.11,289.87,288.9,
283.71,278.76,286.33,285.51,
294.41,301.98,308.47,316.19,
315.35,317.25,319.65,311.03,
318.77,312.53,302.55,307.39,
298.01,290.25,285.95,291.39,
294.69,286.46,279.52,282.92,
282.16,279.58,284.36,280.82,
281.62,272.98,273.84,269.93,
271.45,269.99,268.56,276.76,
281.95,288.47,297.11,288.33,
278.69,287.04,282.75,289.74,
279.79,270.45,280.42,282.9,
288.9,298.26,290.47,299.22,
291.06,291.34,297.39,296.99,
296.61,290.46,293.28,295.76,
294.25,285.63,280.41,270.84,
265.46,265.89,269.18,270.55,
262.4,270.17,278.49,273.03,
276.68,285.98,279.99,274.96,
277.85,285.83,287.38,278.83,
287.86,295.47,294.77,301.07,
299.58,299.08,304.86,299.89,
301.93,299.75,299.73,306.15,
301.33,297.69,302.52,302.2,
311.24,317.01,311.02,309.44,
318.43,317.29,325.64,332.24,
326.98,319.1,329.06,321.46,
312.0,304.07,308.95,311.28,
320.76,311.32,303.61,305.02,
313.64,313.38,310.87,314.03,
304.99,311.17,309.87,308.45,
311.29,310.77,307.65,313.14,
314.76,312.1,319.32,316.13,
324.18,328.11,321.28,317.82,
314.81,316.62,317.56,318.85,
323.81,331.63,323.77,318.71,
320.62,315.99,318.18,325.87,
318.78,325.08,319.19,315.88,
321.5,325.85,335.52,336.11,
328.72,330.65,327.69,323.4,
332.71,341.95,335.65,336.22,
344.16,343.72,336.11,330.84,
329.48,334.83,332.56,339.98,
339.94,330.98,325.94,321.98,
327.12,325.26,325.83,324.89,
322.25,320.83,311.32,314.71,
315.01,324.4,320.59,313.91,
316.31,312.32,311.73,312.81,
320.17,319.67,320.92,327.66,
325.41,331.52,328.6,323.88,
322.08,312.47,310.86,301.87,
293.1,295.24,288.3,296.96,
297.34,305.32,302.63,294.61,
290.61,298.28,306.74,313.59,
311.94,312.04,313.77,315.26,
307.97,300.28,297.48,292.1,
293.67,288.01,288.35,285.49,
279.43,280.7,286.62,282.22,
279.89,283.61,284.45,293.53,
298.2,292.76,282.97,280.65,
279.03,276.58,270.56,278.78,
269.15,268.76,261.71,262.84,
255.96,260.41,259.32,255.18,
256.81,266.56,257.48,260.87,
263.19,261.18,257.64,249.92,
243.22,238.08,237.15,236.06,
232.16,233.06,232.29,223.4,
220.98,218.01,211.82,203.09,
198.48,206.65,213.02,222.12,
223.66,219.42,226.02,229.52,
227.37,224.31,232.39,242.23,
244.08,242.78,233.34,228.77,
227.37,234.0,231.81,222.09,
219.28,224.87,219.04,215.03,
210.95,206.57,210.86,214.17,
213.13,204.48,196.67,201.01,
202.35,195.16,193.49,198.54,
197.67,194.0,197.26,194.36,
203.13,208.84,199.76,205.39,
197.26,188.78,194.45,190.31,
193.34,183.43,176.23,168.31,
163.0,159.31,149.83,154.23,
157.39,166.27,157.73,162.97,
167.15,168.65,168.03,168.13,
176.86,178.08,186.85,179.75,
171.78,172.08,165.97,172.37,
166.43,172.19,167.53,174.09,
170.85,179.47,187.66,181.54,
185.45,178.24,172.87,174.38,
168.76,173.06,166.07,167.68,
168.11,159.28,167.49,173.12,
180.56,187.31,184.16,182.97,
179.82,180.11,182.33,189.07,
190.72,191.06,199.75,189.9,
194.62,193.6,194.23,190.37,
193.29,188.26,178.77,174.3,
172.02,164.47,155.34,160.4,
152.64,160.71,162.63,155.84,
156.95,152.68,161.93,164.31,
173.28,163.67,163.27,159.39,
155.95,154.41,160.17,157.5,
164.96,164.45,164.6,170.63,
170.01,178.52,182.8,186.69,
192.81,183.35,192.03,190.33,
188.2,195.44,204.57,205.37,
213.65,204.35,207.7,216.89,
215.64,211.8,215.5,211.26,
217.63,226.23,228.82,231.66,
229.71,233.65,226.51,217.44,
213.32,222.55,212.59,218.22,
211.33,214.58,206.88,214.36,
222.89,232.65,234.46,227.2,
223.16,229.27,226.51,226.67,
232.4,229.07,227.58,233.2,
225.34,227.47,234.04,243.08,
243.78,237.41,239.3,235.42,
244.85,237.15,240.62,247.93,
242.44,243.4,250.67,247.61,
244.37,234.42,229.74,226.87,
217.91,220.63,212.09,209.69,
216.05,216.97,219.35,228.12,
220.06,229.57,222.54,227.97,
221.49,221.54,225.2,222.3,
224.06,230.19,221.55,224.96,
228.42,229.47,229.82,228.34,
234.45,225.08,215.18,223.94,
219.78,219.15,209.92,210.77,
218.53,221.19,222.5,221.95,
229.75,227.17,227.93,222.79,
216.65,211.93,203.94,194.43,
193.25,192.49,200.5,208.59,
202.37,209.97,219.88,222.81,
225.65,215.79,217.36,224.55,
214.68,215.41,224.27,224.37,
234.32,241.05,245.41,240.04,
237.58,244.93,246.75,239.75,
246.99,239.71,245.26,254.04,
247.89,245.29,242.89,246.02,
249.53,253.26,261.61,261.52,
271.37,268.97,267.28,275.55,
281.07,285.19,290.1,284.09,
292.84,294.58,284.7,290.72,
294.98,290.56,293.3,284.21,
291.59,289.6,290.54,295.35,
287.27,293.5,298.69,289.69,
290.91,290.29,285.27,292.26,
298.08,304.54,312.9,306.79,
313.57,321.91,321.23,311.73,
310.32,313.18,309.36,311.45,
311.44,305.79,313.26,311.26,
317.0,316.99,325.66,334.58,
338.66,333.34,331.74,337.86,
337.6,344.37,342.21,342.87,
352.66,355.75,364.88,369.18,
366.88,358.69,368.0,372.19,
372.76,363.68,355.68,348.04,
350.07,349.32,348.84,341.76,
334.86,326.37,331.72,332.34,
340.9,340.64,349.91,341.93,
350.11,352.75,350.15,349.08,
349.43,350.36,360.05,369.8,
375.39,382.86,375.54,367.5,
370.27,370.42,375.05,375.08,
369.65,363.98,372.41,368.8,
372.54,365.56,373.57,382.91,
387.55,384.99,390.74,386.67,
384.47,390.4,384.62,390.7,
398.1,400.87,408.83,417.93,
425.6,420.67,411.43,416.42,
413.55,405.35,410.3,409.52,
416.45,415.52,414.68,420.26,
426.21,421.17,415.26,411.39,
403.75,402.9,407.46,402.26,
404.24,400.52,407.11,415.3,
418.05,416.58,425.52,427.91,
425.68,424.51,428.07,423.23,
427.69,419.37,420.91,428.22,
419.3,414.73,416.25,415.22,
415.04,413.46,403.64,399.69,
401.53,402.65,397.38,407.31,
398.93,391.79,392.86,386.53,
384.04,382.73,385.65,381.64,
376.16,379.12,374.28,382.82,
389.95,381.25,381.61,386.66,
380.2,388.07,378.34,381.76,
373.63,377.06,376.41,379.56,
371.52,364.12,372.43,368.85,
362.45,369.73,364.87,363.36,
365.16,374.78,384.21,392.68,
384.42,384.66,380.49,371.33,
373.97,380.06,382.48,378.07,
380.09,384.57,382.14,379.45,
370.03,366.23,372.12,373.01,
372.27,377.55,378.84,369.85,
367.65,359.89,358.14,348.75,
356.16,351.47,351.68,345.88,
341.12,348.12,358.01,367.22,
360.61,358.0,348.18,354.13,
349.29,351.26,352.22,349.11,
353.84,356.96,348.81,343.28,
337.08,331.0,333.08,332.91,
323.75,328.62,337.35,338.12,
329.04,328.39,326.21,328.51,
327.33,319.59,310.6,316.94,
325.23,324.68,333.98,338.21,
331.16,333.61,334.64,330.72,
324.57,333.11,330.49,333.32,
323.45,317.86,325.58,319.09,
328.46,319.58,315.13,321.89,
317.54,321.56,321.19,314.17,
322.22,322.86,330.59,333.81,
336.57,332.51,340.93,344.39,
340.26,344.48,334.55,326.61,
324.79,332.08,340.66,341.22,
344.79,335.84,338.52,336.79,
334.62,343.91,351.56,351.87,
343.34,352.43,360.34,350.89,
345.29,338.89,337.88,344.96,
354.63,349.4,343.64,341.16,
350.77,341.84,333.06,336.64,
338.57,346.53,339.18,335.54,
344.66,343.32,353.26,361.03,
360.23,369.15,364.01,371.53,
377.62,368.16,359.74,366.37,
363.85,360.36,363.59,359.61,
363.17,369.12,368.75,375.18,
371.25,380.92,377.77,384.07,
376.93,367.3,359.04,358.01,
353.59,350.92,360.84,360.92,
356.19,350.21,351.55,360.54,
369.96,369.26,374.04,372.3,
367.1,359.9,368.62,378.5,
379.23,373.24,367.64,369.15,
372.6,373.11,376.78,384.01,
374.04,375.58,377.14,385.29,
392.41,385.3,382.58,380.49,
375.74,381.09,374.79,372.31,
364.1,363.18,362.43,361.15,
364.88,369.7,367.15,368.03,
362.5,363.88,361.35,360.45,
355.92,347.52,353.85,357.99,
360.06,369.91,373.57,373.89,
372.68,372.72,378.66,376.08,
379.05,388.88,393.65,402.06,
403.69,410.65,415.01,405.51,
412.73,410.13,404.98,404.27,
413.65,414.96,416.75,422.14,
430.77,436.09,442.58,444.08,
445.36,449.44,456.26,453.11,
443.2,444.92,440.63,442.35,
432.39,426.59,418.97,418.26,
420.32,410.44,412.09,417.93,
411.0,402.21,398.28,405.05,
401.43,397.04,405.52,409.35,
415.61,414.97,415.24,410.74,
402.44,404.76,412.08,410.18,
414.02,414.08,412.68,416.87,
416.54,418.04,416.12,418.48,
424.18,430.85,437.92,435.24,
444.53,442.17,447.16,446.84,
451.02,457.96,458.77,450.52,
446.28,455.96,454.63,454.35,
460.76,450.98,453.68,446.6,
444.59,435.62,426.17,431.84,
435.25,430.22,426.37,416.65,
417.49,416.55,423.68,414.55,
414.35,405.73,405.91,405.38,
397.64,390.23,393.95,398.36,
402.31,401.53,400.72,401.23,
410.93,408.53,416.24,410.65,
405.87,415.19,405.87,400.66,
391.24,387.75,394.54,404.16,
411.02,416.49,408.17,413.79,
404.57,412.17,413.68,418.43,
409.56,413.05,411.89,407.33,
405.34,408.59,402.85,398.21,
392.72,397.58,400.76,393.3,
388.72,382.75,385.28,375.6,
375.41,370.05,360.64,352.76,
358.28,355.66,354.18,345.24,
351.91,342.57,351.03,350.27,
343.62,337.98,336.25,339.61,
338.78,337.31,339.26,336.34,
337.65,341.98,346.05,341.93,
336.57,339.74,348.78,343.22,
342.21,347.33,354.71,359.91,
354.15,353.7,351.64,344.44,
337.67,339.78,348.74,342.41,
333.31,326.4,322.74,329.35,
338.43,344.8,340.44,343.17,
349.11,350.2,345.15,345.28,
352.19,352.65,357.32,358.67,
366.28,361.58,357.48,353.23,
361.75,354.6,347.65,349.26,
358.38,355.27,362.23,366.73,
362.12,359.96,362.89,364.4,
367.54,366.82,372.14,363.89,
372.57,381.19,385.51,386.39,
382.84,389.18,386.49,394.05,
393.92,403.91,399.29,397.11,
397.36,406.12,410.83,404.48,
399.35,401.9,398.57,408.39,
398.44,405.82,414.85,409.09,
402.57,406.89,407.06,399.15,
391.92,384.75,386.88,384.77,
380.19,390.01,383.15,383.63,
388.71,396.93,390.66,383.99,
374.34,383.26,392.79,395.52,
386.91,388.94,384.01,379.91,
376.64,371.89,366.77,359.36,
368.02,375.34,368.82,375.76,
384.9,383.08,392.04,394.3,
384.86,386.81,381.94,375.7,
369.48,377.79,383.99,378.1,
372.43,367.04,363.87,367.87,
360.9,364.9,367.16,370.35,
367.94,368.87,369.6,360.53,
353.26,345.46,350.57,357.53,
361.87,368.24,375.13,377.3,
369.62,370.36,360.95,368.98,
363.26,356.38,352.28,355.52,
350.76,355.21,358.21,354.5,
352.87,353.05,357.76,365.48,
372.85,369.69,372.18,379.45,
381.32,373.87,382.13,388.34,
396.86,398.61,404.44,404.27,
399.61,393.09,400.91,393.22,
394.86,386.47,387.2,388.9,
382.37,374.82,372.15,380.25,
373.69,365.09,371.9,364.94,
358.24,367.44,372.34,367.62,
370.58,373.68,364.01,356.96,
360.3,351.52,350.1,354.3,
354.28,346.69,353.12,344.32,
348.25,344.55,349.44,343.73,
346.49,345.18,348.23,345.27,
340.48,331.89,324.01,329.46,
338.85,345.55,351.61,352.41,
353.86,346.75,344.76,336.08,
345.68,345.28,355.26,345.64,
344.47,339.95,333.49,324.22,
330.62,331.45,331.43,327.8,
325.07,315.5,320.0,315.89,
312.87,306.41,314.78,318.05,
322.81,313.76,323.41,319.48,
326.08,328.94,320.7,323.72,
326.89,323.8,329.1,331.03,
328.06,322.01,318.48,309.4,
304.19,295.05,300.96,307.54,
303.51,294.43,302.17,298.29,
291.54,288.13,280.64,272.65,
267.39,264.41,270.68,262.92,
260.97,254.13,260.33,263.96,
268.35,276.63,283.91,279.51,
273.99,283.98,281.31,277.88,
273.78,271.18,266.28,270.95,
278.59,274.23,264.53,258.93,
260.68,256.8,250.88,244.22,
247.28,246.96,251.52,242.74,
250.11,245.39,240.76,240.4,
233.25,229.49,232.29,223.36,
221.83,223.54,232.89,240.51,
242.4,243.81,252.96,250.65,
256.03,252.48,262.32,262.27,
269.71,268.42,258.9,258.06,
263.79,256.19,248.36,244.48,
249.55,250.11,241.1,233.29,
229.58,234.13,237.52,233.92,
231.76,227.7,220.64,212.33,
208.25,207.24,216.34,223.18,
224.68,225.74,220.59,220.96,
211.75,217.46,223.33,215.63,
208.17,208.52,206.28,209.57,
205.17,209.52,200.94,192.29,
202.11,201.8,192.53,187.56,
191.56,188.88,189.99,187.85,
190.35,181.14,173.42,181.96,
191.22,183.5,185.09,184.25,
193.13,186.91,178.36,180.02,
184.21,192.32,193.12,187.81,
178.47,181.07,186.33,181.91,
176.17,173.85,180.8,177.27,
173.85,174.81,169.11,171.94,
164.36,155.42,151.2,157.81,
156.99,158.18,150.47,148.54,
146.98,141.57,138.0,143.22,
150.2,145.33,144.97,146.22,
139.19,139.08,133.69,142.72,
144.2,141.99,148.81,149.76,
141.61,149.38,143.04,137.12,
146.04,147.69,137.71,144.38,
140.75,137.91,142.04,138.64,
138.33,139.03,136.18,136.41,
128.1,121.02,113.8,117.88,
112.59,117.46,117.08,125.57,
133.66,125.5,126.38,125.43,
125.96,118.05,110.16,102.16,
96.53,103.88,112.74,112.25,
107.13,101.81,100.5,90.67,
87.56,80.18,70.71,63.37,
70.55,68.9,72.8,63.91,
73.3,75.62,80.5,82.25,
80.89,84.31,75.34,81.72,
75.89,80.16,86.62,84.17,
91.88,83.58,77.44,82.6,
77.55,83.44,88.64,85.57,
84.01,78.29,82.54,73.02,
70.25,63.59,65.57,67.71,
58.37,55.63,53.19,45.21,
37.85,45.77,36.45,30.47,
30.58,22.4,15.83,10.88,
7.6,-1.15,3.37,12.89,
18.2,25.18,28.68,25.89,
26.75,22.32,14.44,13.48,
21.95,18.99,10.94,18.66,
17.17,20.62,24.39,30.61,
29.38,37.01,46.13,46.43,
54.21,55.25,59.62,56.43,
64.01,72.75,62.96,64.81,
68.57,73.71,64.17,61.7,
71.64,75.44,82.7,86.6,
86.06,88.39,84.88,93.89,
84.51,91.22,93.61,86.22,
95.2,94.61,96.51,103.16,
100.58,98.63,106.27,110.77,
119.7,115.36,116.7,114.11,
111.97,112.5,108.2,106.95,
104.78,102.22,107.02,100.34,
96.79,102.74,93.11,91.42,
90.95,98.49,103.69,98.89,
92.34,101.36,100.99,101.61,
101.06,96.62,95.33,85.86,
93.49,95.24,94.03,96.29,
105.92,99.8,99.09,107.24,
113.62,107.97,115.56,107.86,
108.87,116.28,107.83,112.11,
111.22,115.48,110.93,119.71,
118.11,109.9,112.88,116.32,
114.65,121.23,111.72,120.78,
118.84,118.42,120.45,115.41,
105.98,113.24,122.85,127.34,
119.0,119.12,125.31,127.03,
125.44,126.7,132.05,124.74,
121.13,128.28,124.49,123.1,
122.68,123.19,114.78,108.93,
111.09,104.04,106.31,104.94,
99.14,91.61,100.99,105.79,
97.25,91.05,90.75,100.58,
95.29,103.63,100.81,100.63,
93.75,101.68,104.86,95.78,
97.6,91.57,84.21,91.49,
85.86,76.3,76.73,72.88,
67.07,76.32,75.92,74.2,
80.29,78.01,81.44,81.47,
83.85,75.04,65.06,63.52,
64.21,56.62,49.57,51.15,
59.44,54.37,55.53,62.9,
60.08,65.81,67.3,66.19,
61.83,70.28,68.06,59.36,
63.25,63.51,66.5,69.27,
70.37,73.47,71.03,64.99,
68.37,76.17,86.12,80.77,
75.09,72.98,66.6,76.29,
71.04,65.66,70.31,63.73,
58.45,53.56,61.93,69.27,
64.49,71.98,80.83,86.69,
77.62,73.41,63.85,72.71,
73.45,80.64,75.34,76.78,
67.97,72.39,79.26,74.69,
66.53,73.27,64.85,57.94,
55.58,62.54,61.34,56.6,
48.86,39.39,46.8,36.81,
45.27,35.81,42.89,51.24,
60.38,64.44,66.94,75.35,
69.19,78.6,87.11,89.7,
86.06,76.59,70.48,70.78,
68.9,69.29,69.89,61.9,
68.15,61.41,68.37,71.07,
74.67,70.26,80.22,79.59,
78.95,77.02,82.72,76.89,
74.68,83.15,88.26,91.21,
82.36,79.4,77.14,71.04,
74.53,82.63,86.91,93.97,
88.14,85.81,93.84,97.23,
89.12,84.22,89.98,94.25,
99.57,100.63,105.77,97.3,
102.85,107.18,116.6,124.99,
126.51,126.84,135.72,143.42,
135.66,129.43,121.49,123.71,
127.2,134.06,134.1,124.53,
116.69,109.25,107.2,98.41,
91.5,96.2,95.82,102.11,
95.96,99.14,95.19,104.3,
109.99,105.12,103.03,100.45,
105.96,109.93,113.29,116.15,
109.42,99.45,97.18,104.13,
99.21,105.01,109.78,112.57,
114.78,113.25,119.05,116.84,
125.47,117.22,113.65,114.23,
115.02,119.96,111.09,119.43,
127.48,124.21,115.08,107.97,
106.1,103.6,99.32,102.5,
111.2,109.23,99.9,95.87,
100.17,97.74,103.16,102.81,
103.56,107.39,99.73,97.89,
98.51,103.92,113.38,106.5,
98.87,100.0,92.3,93.25,
85.73,91.95,94.11,95.94,
89.08,85.17,80.96,74.21,
73.42,64.91,72.32,80.69,
71.97,73.13,83.06,87.89,
85.46,77.37,72.2,66.58,
72.2,63.89,72.94,74.88,
77.96,71.7,77.8,76.0,
72.75,69.71,63.87,67.23,
77.08,74.85,65.53,56.65,
52.07,45.41,49.52,59.24,
54.36,55.94,57.54,59.58,
59.31,57.53,60.88,69.69,
65.09,68.34,65.27,57.2,
65.61,74.04,65.09,59.0,
62.25,56.96,55.69,64.13,
63.36,61.5,51.66,43.29,
45.15,50.29,48.79,39.89,
43.96,36.84,30.15,28.93,
30.17,36.03,38.89,36.02,
36.39,46.28,47.48,50.14,
46.21,46.6,52.79,57.26,
63.11,59.91,51.59,56.79,
47.11,38.75,33.25,27.34,
23.91,20.59,25.75,24.4,
17.4,11.67,15.6,18.42,
18.09,14.21,11.91,13.4,
17.0,23.96,22.07,21.12,
14.0,19.72,22.32,26.06,
19.93,24.61,30.64,36.87,
35.52,39.09,36.39,35.53,
35.93,38.9,38.46,43.76,
48.49,48.17,50.56,42.87,
43.84,36.23,35.94,29.4,
23.24,21.77,17.48,11.35,
20.86,29.54,28.65,24.56,
28.39,28.38,20.57,19.06,
10.84,4.5,8.79,9.14,
7.58,7.51,-1.13,4.99,
8.54,11.57,13.48,10.71,
14.66,5.53,2.69,0.54,
6.71,7.53,4.52,-3.87,
0.46,2.37,11.86,14.77,
13.77,3.95,4.25,3.89,
8.81,-0.99,-9.7,-0.47,
-4.64,-12.03,-8.13,-8.28,
-15.27,-7.34,-3.26,5.97,
13.15,12.63,3.75,9.88,
11.24,7.68,4.21,-0.43,
-6.71,-15.8,-15.04,-19.43,
-15.87,-19.85,-13.87,-9.26,
-7.35,-8.84,-8.82,-5.64,
-5.18,-2.62,-5.19,-9.14,
-7.51,-1.7,4.4,10.25,
3.53,11.14,2.31,9.02,
13.46,15.5,10.69,13.54,
18.04,25.61,20.98,26.92,
26.13,28.38,23.71,29.26,
35.45,36.78,29.49,37.92,
34.63,25.25,31.63,33.73,
33.74,28.38,26.55,26.28,
28.57,23.57,24.43,20.72,
29.34,38.26,36.99,43.73,
50.11,55.19,48.38,45.76,
42.39,34.09,34.98,40.2,
34.02,33.62,37.39,31.39,
35.66,28.51,34.38,42.65,
41.09,34.08,34.66,32.31,
25.03,20.21,17.88,16.78,
7.81,1.32,6.93,16.24,
13.81,11.45,13.16,21.79,
19.59,18.79,22.0,17.37,
21.85,20.95,11.94,13.4,
17.98,15.41,23.83,27.13,
36.98,31.43,40.66,49.06,
59.03,66.37,63.61,66.36,
76.11,75.58,69.18,69.28,
67.34,67.08,72.26,81.6,
72.69,66.49,58.56,58.65,
60.4,51.5,56.51,61.41,
69.33,68.32,59.85,55.16,
54.81,56.81,57.88,47.92,
55.45,59.53,58.61,57.14,
57.68,53.29,60.83,69.96,
62.53,56.99,49.71,58.23,
64.51,69.74,61.67,66.39,
70.91,76.72,71.19,76.12,
85.86,95.38,102.21,104.54,
113.26,112.66,115.29,123.85,
128.98,128.03,136.95,132.63,
123.23,117.88,122.37,114.06,
108.29,104.01,112.76,114.04,
115.38,116.59,113.69,107.57,
99.67,102.36,94.15,96.25,
95.51,99.99,92.5,98.93,
101.19,99.15,102.2,100.78,
91.97,97.94,88.04,86.97,
96.29,95.19,99.72,98.09,
105.89,104.88,100.86,101.95,
111.29,120.2,120.17,128.63,
123.39,122.25,120.8,128.08,
129.36,127.45,133.98,128.68,
135.29,143.0,139.09,129.74,
123.96,123.66,125.08,117.51,
109.84,109.41,110.69,118.22,
120.69,113.22,114.87,118.48,
116.71,122.48,120.12,122.76,
116.37,113.02,115.03,119.09,
113.55,103.83,104.66,106.55,
114.59,120.72,125.01,123.91,
127.78,120.45,122.13,118.77,
125.49,115.8,108.46,117.52,
113.45,112.98,106.27,103.86,
99.83,108.97,113.43,122.63,
115.74,124.43,116.93,114.37,
114.1,114.12,108.35,106.59,
102.81,97.41,94.87,96.08,
102.8,105.93,103.24,101.51,
101.08,98.6,103.89,113.52,
110.16,105.72,99.91,92.79,
99.38,104.99,108.16,106.09,
114.07,122.15,122.54,118.87,
127.79,131.03,129.53,130.75,
127.21,124.29,117.77,119.9,
122.89,132.43,137.22,134.08,
139.54,143.93,143.63,135.02,
132.93,142.56,149.59,156.75,
163.51,162.93,164.26,163.54,
161.28,159.8,159.65,150.71,
146.18,155.66,159.53,165.22,
159.88,153.16,162.07,164.99,
159.39,151.72,146.25,155.42,
149.62,147.2,138.58,136.45,
143.16,150.74,141.66,132.55,
135.96,135.78,144.91,142.12,
150.37,157.49,155.55,147.61,
142.35,135.46,141.39,144.13,
136.71,139.93,143.39,148.09,
151.49,157.07,147.24,150.33,
147.23,142.31,136.51,141.98,
137.12,135.45,145.09,137.46,
131.32,124.71,117.68,115.3,
125.22,132.07,139.78,147.38,
151.38,146.53,138.98,136.65,
131.83,131.81,135.21,134.67,
134.25,127.95,136.8,127.88,
127.29,127.92,134.94,136.34,
139.31,147.39,153.85,156.51,
161.61,155.08,154.31,159.1,
165.31,169.24,163.38,161.43,
152.74,158.99,150.53,150.35,
151.54,146.53,138.65,147.67,
152.71,153.2,161.7,155.34,
152.02,142.12,146.39,151.93,
149.68,145.52,145.42,148.27,
153.89,154.45,160.91,169.47,
168.95,164.14,170.78,178.64,
182.95,177.52,174.56,175.61,
166.08,157.21,163.34,156.75,
149.86,155.4,146.66,149.75,
153.49,156.4,151.71,154.04,
160.96,167.0,158.04,167.11,
157.64,166.54,173.13,163.56,
154.48,153.5,150.27,153.43,
158.0,157.2,157.4,155.81,
161.05,168.27,163.0,157.0,
152.53,156.15,158.24,161.54,
166.58,176.24,170.39,173.05,
181.68,188.49,182.47,181.58,
175.33,174.59,176.78,186.29,
184.8,181.71,185.79,183.78,
181.46,186.72,179.78,188.5,
191.7,189.63,181.96,172.11,
175.96,169.93,169.95,165.57,
174.65,172.37,174.85,177.99,
181.78,179.23,171.51,171.32,
176.17,178.98,173.54,168.3,
170.03,176.12,183.82,183.35,
184.04,177.1,182.15,189.78,
191.13,201.07,201.24,209.98,
202.52,207.47,202.16,200.0,
190.31,194.89,193.5,197.07,
188.84,179.98,187.34,177.75,
180.97,189.77,188.72,184.23,
183.58,186.11,184.51,178.73,
169.5,161.91,160.77,160.92,
155.1,155.36,165.19,163.13,
167.26,166.6,164.18,163.63,
166.64,163.4,165.32,164.67,
155.99,161.55,155.58,163.27,
172.67,178.99,183.84,182.76,
190.09,198.25,207.39,205.07,
211.86,215.0,220.42,226.21,
228.3,234.27,244.18,241.75,
238.77,239.99,243.5,237.89,
246.43,245.63,249.47,253.42,
261.55,268.9,270.68,260.89,
270.61,274.21,271.84,269.17,
277.88,273.93,264.51,257.96,
267.49,267.1,258.91,263.27,
265.45,274.91,270.86,278.37,
283.93,293.21,298.82,303.65,
309.47,306.31,314.74,309.09,
318.16,321.28,324.55,329.85,
333.58,325.27,320.05,319.64,
320.63,311.04,309.07,315.25,
310.14,314.61,308.03,306.96,
302.41,308.54,311.12,302.25,
299.4,300.9,309.95,306.94,
307.69,302.18,298.02,297.02,
298.58,302.27,300.17,300.67,
306.41,307.4,312.17,311.7,
314.51,320.75,325.02,326.88,
333.58,325.25,334.62,326.59,
332.87,327.54,318.38,310.73,
318.23,310.89,317.65,319.03,
314.57,320.85,317.26,316.93,
318.08,326.28,325.26,321.39,
331.2,322.8,332.6,336.66,
341.15,351.0,343.52,348.72,
356.53,364.2,368.24,376.8,
382.97,385.27,381.78,384.72,
387.0,378.99,377.09,374.8,
367.8,360.06,359.09,360.47,
354.1,344.65,344.48,341.12,
349.43,340.79,343.22,340.98,
336.8,340.26,340.44,338.31,
334.6,329.33,332.35,326.99,
326.91,332.5,332.66,338.27,
332.78,337.08,342.34,339.8,
346.85,349.45,347.93,353.07,
350.84,358.95,364.1,365.56,
370.4,365.27,372.13,376.26,
381.36,376.65,373.97,372.91,
366.71,363.33,355.69,356.34,
352.84,359.01,361.35,355.89,
355.79,354.55,353.58,343.9,
343.66,351.89,350.48,341.67,
349.0,346.61,353.71,344.25,
346.16,347.45,351.43,351.2,
353.66,346.75,354.39,362.45,
361.8,360.94,354.64,349.33,
354.78,346.58,353.51,355.22,
363.59,369.67,362.46,357.58,
349.14,340.02,332.67,329.24,
337.82,334.86,337.91,347.23,
351.9,358.32,365.38,355.96,
360.58,355.34,348.38,356.31,
366.14,360.32,361.01,367.12,
370.8,362.47,370.84,380.31,
382.81,373.56,365.39,357.28,
361.12,361.26,352.19,347.98,
343.5,339.52,337.56,332.16,
334.66,336.85,331.65,324.47,
317.16,307.97,312.55,303.09,
303.91,305.86,300.27,305.08,
304.26,300.72,303.73,306.04,
302.05,293.54,301.7,298.16,
288.31,295.65,298.02,297.26,
304.37,298.78,300.58,297.52,
303.74,303.2,293.42,287.39,
280.65,274.29,270.24,265.38,
271.91,269.38,276.74,278.5,
288.01,290.97,289.18,292.67,
293.53,284.15,277.7,278.67,
274.83,276.19,278.47,283.72,
286.79,285.37,277.82,282.89,
285.51,287.95,290.07,295.73,
289.48,285.75,290.4,290.63,
299.56,291.87,295.62,299.57,
306.25,311.19,308.95,309.13,
305.41,297.47,292.71,285.42,
285.86,283.24,279.54,277.25,
273.7,282.3,291.96,298.73,
299.76,292.05,285.31,279.43,
280.7,276.04,269.56,275.81,
273.97,266.59,271.55,272.7,
263.01,254.92,244.94,241.33,
248.09,251.52,241.76,234.76,
227.56,227.22,217.8,211.13,
213.65,219.85,215.55,221.38,
229.01,238.69,237.9,247.7,
256.92,256.38,260.45,261.73,
262.21,265.25,261.78,267.38,
268.71,278.33,278.52,269.6,
265.02,268.79,271.22,276.67,
272.68,263.97,254.17,247.41,
245.87,251.07,254.01,260.67,
253.38,251.31,255.73,256.67,
255.25,255.9,260.8,262.16,
265.58,255.91,249.88,243.73,
246.35,245.37,240.42,249.28,
244.35,250.06,250.95,249.3,
250.15,258.51,260.38,259.39,
256.57,247.97,248.88,254.21,
250.36,254.41,253.49,254.41,
257.61,256.76,259.78,250.41,
242.96,247.77,249.46,251.36,
251.19,243.46,242.68,235.33,
240.75,242.5,246.25,240.86,
242.66,239.51,241.84,238.93,
245.5,237.53,235.54,234.02,
241.75,231.77,228.68,227.64,
224.11,224.68,215.7,208.0,
198.47,200.44,208.25,208.76,
205.12,209.95,214.17,210.36,
208.59,214.63,220.19,213.16,
219.22,210.33,207.76,205.69,
205.29,197.11,205.13,207.13,
200.79,200.94,209.34,207.29,
208.5,212.21,212.69,204.79,
207.86,210.13,213.42,218.06,
221.1,227.25,225.01,230.02,
237.76,232.35,240.75,231.24,
230.86,227.11,232.01,226.75,
227.22,222.65,230.3,227.61,
236.48,230.7,229.32,238.68,
236.9,233.29,235.81,240.18,
234.59,232.61,228.42,219.62,
224.48,222.55,231.36,225.98,
222.39,214.29,209.36,201.37,
207.84,207.06,209.11,200.61,
192.73,184.94,183.22,188.91,
198.38,206.72,208.44,198.79,
193.26,185.67,190.03,195.28,
205.23,212.92,204.77,206.11,
212.19,204.59,203.38,194.82,
190.34,190.85,187.81,193.95,
186.33,196.11,204.32,209.24,
206.0,215.16,215.28,222.17,
228.31,224.87,220.39,212.47,
221.57,229.16,226.71,230.45,
226.72,222.87,229.81,236.4,
240.43,246.92,243.81,243.58,
242.91,233.36,230.42,236.67,
235.49,230.34,238.55,245.73,
236.75,241.87,243.62,239.59,
246.54,255.5,246.64,255.49,
246.81,242.05,244.86,235.74,
243.54,240.61,233.07,235.52,
236.97,243.11,247.0,248.63,
246.32,246.79,248.09,251.43,
249.68,241.23,249.78,245.06,
237.34,242.41,240.62,250.09,
240.16,242.06,237.15,245.05,
253.45,261.25,261.29,269.93,
276.71,276.55,270.01,264.51,
257.42,260.07,264.29,266.96,
271.65,268.19,275.47,281.08,
271.55,274.21,272.54,280.13,
271.23,269.07,260.63,266.56,
270.99,264.6,266.65,258.73,
266.96,261.54,261.87,263.4,
261.22,267.34,276.24,277.56,
278.88,277.66,274.89,265.59,
271.09,271.0,280.48,288.4,
294.28,290.83,281.35,289.61,
284.0,291.45,285.54,283.25,
284.76,286.93,280.19,275.09,
276.9,270.48,277.36,279.55,
285.17,289.14,297.79,289.04,
284.22,275.99,277.56,273.4,
267.83,260.56,256.04,251.37,
248.3,245.96,252.67,259.82,
261.68,258.18,256.88,252.26,
248.71,251.36,244.77,246.52,
238.08,233.74,243.6,244.96,
246.7,250.14,243.52,245.46,
238.25,232.49,233.26,242.07,
247.98,251.49,255.61,245.83,
251.31,243.0,234.29,235.24,
241.39,234.27,235.39,235.62,
226.45,222.9,232.13,235.27,
243.41,236.8,244.93,238.3,
229.31,234.12,230.36,228.42,
232.22,228.06,230.15,220.69,
220.11,219.24,214.04,205.26,
208.17,217.7,220.17,222.98,
226.69,227.44,231.04,238.02,
236.19,244.1,248.82,256.59,
255.41,263.68,264.19,268.92,
273.07,274.83,266.79,270.12,
269.9,264.21,258.91,263.61,
257.2,260.38,252.5,253.93,
260.42,268.74,276.85,280.84,
274.87,281.32,272.36,271.6,
262.98,270.81,262.53,257.34,
262.11,253.42,250.55,260.13,
252.65,257.16,249.53,247.52,
254.92,261.02,270.94,262.05,
270.0,262.98,260.0,250.14,
242.94,242.24,237.83,232.49,
237.74,247.26,249.94,246.07,
237.47,229.35,225.4,223.31,
231.32,237.09,232.85,240.19,
236.57,236.3,232.69,230.36,
221.08,229.96,227.82,236.68,
228.0,219.56,213.74,204.39,
211.89,203.15,212.18,215.81,
217.26,216.9,219.35,227.52,
218.56,212.39,206.9,198.2,
190.47,199.55,198.4,196.26,
198.28,196.45,203.3,198.28,
192.25,189.78,196.17,188.51,
193.39,198.49,207.79,205.75,
200.36,203.96,195.52,205.46,
205.39,208.4,208.16,214.05,
214.89,208.41,202.94,203.59,
200.48,195.02,202.84,193.15,
193.21,190.53,181.77,188.04,
187.15,182.63,183.38,176.28,
167.94,167.25,171.55,171.45,
162.54,169.58,172.97,164.85,
172.1,163.37,158.27,165.82,
171.59,169.83,170.3,162.16,
158.23,157.87,164.05,167.62,
163.89,171.47,168.09,170.12,
164.24,162.41,166.95,174.33,
171.41,162.97,159.89,168.98,
177.63,174.56,180.2,170.86,
180.42,175.51,172.53,170.82,
176.8,174.78,168.02,170.32,
161.39,157.21,166.5,165.05,
166.94,170.34,174.97,177.59,
173.48,180.31,182.06,186.07,
177.14,182.93,180.83,174.11,
171.32,178.1,187.48,184.98,
178.4,185.56,193.95,188.46,
182.32,187.98,191.48,185.75,
180.16,186.64,185.64,191.97,
187.23,196.69,195.53,198.35,
202.33,197.56,194.67,193.72,
184.6,189.02,179.39,174.42,
169.86,160.29,159.28,150.65,
156.63,147.46,154.24,155.04,
158.74,154.61,159.58,155.46,
155.38,147.01,153.89,161.28,
163.11,171.08,166.84,166.82,
175.38,175.22,169.72,176.62,
183.46,179.39,175.15,168.43,
167.42,171.65,165.47,158.92,
163.21,172.29,171.84,179.67,
173.79,178.35,176.18,177.47,
168.69,163.01,165.68,170.3,
169.41,172.8,173.08,168.43,
168.02,164.34,158.61,153.51,
144.73,135.59,138.2,133.53,
128.57,123.59,127.05,125.91,
127.9,133.95,131.85,131.89,
125.96,132.41,131.51,131.62,
123.11,124.03,121.58,129.04,
136.38,129.31,134.13,137.92,
137.4,143.76,151.23,150.49,
149.07,143.64,150.43,149.73,
143.62,134.83,129.56,128.17,
135.68,142.2,132.91,135.77,
138.6,136.85,145.35,144.35,
150.51,148.7,155.81,151.33,
147.91,152.14,158.82,168.55,
173.28,176.43,182.49,172.99,
170.13,168.51,175.9,170.47,
163.83,161.83,162.52,154.25,
157.66,165.23,160.77,153.53,
148.62,155.95,151.42,142.66,
151.51,145.29,144.69,145.83,
145.92,148.72,157.61,153.13,
155.84,151.61,146.55,156.16,
147.78,142.23,151.06,156.99,
158.99,150.35,152.02,159.79,
156.92,147.41,154.16,147.1,
147.74,149.9,153.4,161.1,
168.85,170.28,168.37,170.71,
175.4,173.42,180.49,172.11,
164.78,161.55,170.99,163.22,
156.87,153.85,160.33,161.5,
156.09,155.44,161.79,166.23,
172.59,173.98,181.55,176.98,
183.15,179.5,187.41,179.32,
184.01,192.47,200.93,201.61,
195.87,202.9,196.64,199.89,
197.68,189.03,183.67,186.72,
189.77,188.58,184.37,181.22,
177.49,184.86,177.48,178.39,
175.51,181.32,185.53,183.81,
174.78,178.85,169.16,170.38,
162.27,162.04,157.85,157.74,
167.08,161.67,153.66,155.76,
162.11,166.89,162.16,170.9,
165.68,156.89,159.26,163.57,
168.77,164.62,161.05,165.52,
173.46,165.88,166.29,163.55,
166.66,175.79,177.48,184.66,
185.78,184.94,177.55,169.29,
161.17,165.18,169.45,163.49,
159.57,166.7,175.36,174.54,
177.91,184.53,175.0,177.73,
179.23,183.92,181.47,185.5,
178.39,181.94,183.9,189.52,
182.83,189.67,179.86,182.67,
182.57,177.71,171.03,169.14,
162.07,153.84,144.85,143.66,
137.08,146.55,153.88,153.51,
148.1,139.82,131.71,124.92,
128.7,137.56,145.88,138.18,
137.55,127.76,134.55,143.77,
138.05,146.97,156.65,148.26,
139.56,146.08,146.92,151.26,
147.53,156.68,152.87,142.91,
147.36,150.88,154.45,160.46,
168.25,158.6,151.87,161.1,
167.04,171.51,179.44,188.3,
183.15,189.9,196.28,205.3,
208.93,206.12,202.54,197.51,
193.35,192.08,197.58,198.31,
204.5,202.32,211.01,220.06,
217.67,220.05,211.29,221.05,
214.14,220.68,221.16,228.36,
220.1,225.27,234.5,224.69,
217.86,225.66,216.23,224.43,
228.24,219.38,221.87,225.6,
227.27,230.34,238.75,233.55,
232.34,238.2,238.51,246.25,
246.03,253.31,262.5,270.94,
272.31,278.5,279.23,284.43,
278.41,273.5,282.36,279.55,
270.69,267.97,274.09,270.17,
276.53,268.89,260.55,266.14,
259.83,269.09,267.92,260.62,
258.59,250.24,250.67,242.8,
236.04,233.96,224.78,215.07,
213.49,213.83,223.65,233.15,
232.74,230.67,223.47,216.9,
210.93,202.63,201.37,202.16,
205.28,212.39,214.13,207.34,
201.96,206.86,205.37,210.76,
204.3,213.94,213.36,205.26,
208.08,198.11,191.1,197.52,
189.19,180.32,175.44,176.83,
181.97,185.46,190.93,195.77,
190.93,199.72,190.79,196.9,
202.89,195.54,202.64,206.51,
205.36,208.55,214.42,213.43,
208.05,215.23,213.5,218.82,
209.44,214.21,222.82,228.72,
227.23,226.75,234.11,226.11,
226.9,217.88,215.53,224.86,
227.12,223.51,221.39,229.01,
227.94,223.81,230.27,222.13,
231.59,231.75,237.69,247.23,
257.05,249.45,243.51,233.52,
239.8,236.2,244.5,246.09,
248.46,252.55,261.51,268.63,
267.42,272.33,274.0,272.11,
278.53,271.49,267.4,268.03,
274.89,266.27,264.64,268.27,
258.41,263.06,263.7,265.62,
275.54,267.94,271.67,271.43,
261.57,256.97,259.98,265.43,
273.1,282.43,284.66,292.39,
287.17,279.7,270.58,270.23,
277.2,268.21,268.9,272.88,
263.45,259.85,253.2,247.88,
243.45,246.75,251.85,250.1,
256.04,255.17,257.42,258.58,
249.44,243.48,252.36,258.07,
252.45,249.09,255.62,251.95,
261.36,268.61,272.24,274.58,
265.61,274.17,268.58,270.06,
278.53,281.95,285.49,280.84,
287.85,286.86,289.35,293.24,
298.21,295.08,295.42,287.07,
281.57,283.14,290.08,287.2,
281.07,286.06,278.32,277.65,
281.6,279.29,289.27,295.62,
296.18,300.15,299.78,292.35,
300.88,298.11,300.33,307.86,
316.37,310.09,308.63,313.44,
317.2,310.87,302.61,307.94,
312.56,316.28,317.13,326.06,
326.88,334.93,338.34,334.82,
341.93,341.25,342.29,336.78,
329.78,332.8,342.5,339.04,
334.84,344.79,335.86,339.17,
346.75,348.68,339.05,337.96,
331.84,330.24,326.01,321.11,
321.16,316.04,313.43,321.56,
326.03,327.2,322.57,318.21,
313.59,308.42,314.56,320.77,
327.42,327.88,333.65,324.12,
320.37,315.43,311.74,312.55,
319.47,320.92,316.53,315.22,
316.46,318.99,326.67,325.35,
324.57,327.22,330.74,322.14,
319.25,325.14,323.7,315.19,
315.55,315.84,311.66,319.12,
309.56,306.89,312.47,311.35,
319.32,324.76,322.91,330.91,
321.56,314.94,318.03,308.14,
318.02,310.66,317.46,313.01,
313.71,321.1,323.53,327.04,
328.89,327.36,322.35,324.86,
319.28,324.52,329.86,328.04,
319.76,318.04,324.01,323.14,
319.92,324.76,325.78,329.74,
327.74,320.36,318.14,312.86,
306.79,300.85,308.67,316.89,
306.96,316.8,319.56,329.09,
325.2,323.15,321.64,319.76,
327.86,323.41,327.67,322.24,
331.98,332.47,335.77,343.76,
342.64,350.52,341.27,340.55,
348.96,346.05,340.4,338.22,
340.29,349.64,356.09,359.25,
367.14,363.29,363.9,367.45,
373.0,371.04,364.83,355.07,
352.94,361.98,371.22,377.42,
382.6,376.72,375.79,382.39,
383.11,392.97,402.18,397.09,
406.7,409.29,416.94,414.3,
410.62,416.58,412.6,422.32,
414.45,414.86,408.32,403.3,
399.79,396.13,400.92,398.01,
395.07,391.24,388.6,386.5,
394.56,399.17,397.67,399.91,
400.78,395.27,404.21,413.52,
410.64,402.52,411.67,419.43,
409.54,404.04,395.73,400.09,
402.7,408.35,413.71,411.89,
409.6,411.9,420.0,418.63,
414.89,421.82,416.79,423.19,
422.37,422.07,430.56,422.51,
415.33,407.17,412.33,411.4,
411.66,405.6,414.55,415.76,
406.08,412.11,419.99,414.73,
406.25,415.18,415.52,422.44,
417.17,418.64,426.6,424.33,
428.62,430.56,438.61,441.54,
434.63,429.2,439.16,429.75,
438.31,428.49,434.86,431.6,
427.74,422.12,412.64,404.96,
401.01,410.4,407.86,399.44,
395.45,395.27,388.21,382.39,
388.29,380.28,385.6,385.31,
390.34,385.97,391.22,396.64,
392.28,398.56,401.16,398.41,
403.72,408.37,417.71,425.25,
416.12,425.53,431.46,431.46,
441.17,445.51,443.96,446.54,
451.03,457.05,450.5,451.07,
456.12,456.71,466.08,475.53,
477.92,468.78,460.54,464.48,
461.93,466.29,470.29,478.91,
475.04,478.04,482.51,473.95,
476.75,476.69,476.53,477.44,
474.01,469.81,477.08,482.07,
476.34,484.34,477.13,468.92,
472.21,478.38,476.14,479.05,
488.86,491.98,491.7,494.36,
484.61,483.65,488.23,494.37,
485.48,484.59,477.18,468.9,
469.99,475.75,467.58,472.8,
478.03,481.42,483.31,482.96,
476.54,482.46,484.09,482.4,
484.49,478.49,484.75,481.31,
480.33,477.23,482.52,483.03,
480.68,479.12,483.57,475.57,
482.42,474.89,482.54,482.79,
485.67,488.55,497.23,502.67,
512.26,502.45,503.5,512.95,
517.52,521.64,529.16,533.28,
536.73,539.51,532.52,533.56,
535.08,527.3,526.35,519.86,
522.17,514.02,511.62,515.59,
523.9,522.75,524.22,518.37,
516.33,516.15,525.55,519.37,
518.5,524.57,522.83,513.8,
519.49,526.84,523.42,533.08,
524.34,528.19,533.0,529.47,
532.16,541.13,538.1,528.13,
521.68,514.05,519.52,510.66,
507.07,507.98,517.0,514.48,
515.51,515.42,517.19,521.08,
527.38,533.89,542.42,542.97,
546.14,544.61,542.4,539.21,
542.99,551.62,547.34,549.98,
543.31,535.21,533.52,524.22,
526.7,527.27,519.33,510.95,
501.0,495.1,502.08,505.24,
512.11,502.63,495.57,503.77,
509.65,517.4,517.3,509.81,
507.23,504.18,502.86,505.21,
500.39,507.54,504.61,504.52,
510.68,515.08,507.15,499.04,
493.65,498.38,491.53,491.85,
483.97,488.51,478.69,474.04,
472.1,474.77,474.78,479.36,
473.38,463.55,471.94,471.86,
464.95,461.73,467.47,466.62,
466.37,461.36,470.11,477.07,
486.15,495.34,494.58,502.29,
504.03,504.3,497.58,494.92,
496.55,501.04,509.54,518.49,
513.55,510.64,500.99,507.75,
504.91,510.45,501.5,498.65,
507.7,508.17,505.38,498.9,
494.07,499.15,490.69,483.38,
483.11,483.44,479.31,479.89,
474.8,474.39,477.44,476.06,
469.22,465.07,469.52,464.48,
467.31,458.77,456.27,462.32,
469.31,475.3,480.14,488.86,
481.93,483.05,492.48,489.73,
480.18,484.82,488.39,480.18,
472.09,469.05,460.58,458.38,
458.09,467.21,463.34,458.02,
448.17,451.73,454.45,449.97,
450.49,459.45,452.46,452.03,
460.65,464.04,468.41,469.43,
473.26,470.98,478.58,470.97,
479.96,475.34,478.5,478.45,
480.68,471.62,480.97,484.15,
483.9,486.4,482.13,480.78,
483.44,487.38,486.38,483.0,
490.99,492.65,495.32,494.0,
500.02,498.47,491.27,488.05,
487.48,483.3,480.91,477.83,
481.06,490.16,499.12,502.72,
505.76,511.4,508.83,499.65,
499.51,501.61,492.05,486.97,
496.56,493.33,487.5,479.54,
471.66,479.13,484.27,489.46,
493.39,490.45,485.96,493.88,
490.53,489.44,484.32,477.31,
467.77,473.91,483.44,478.77,
471.6,474.58,476.43,476.82,
484.17,485.93,479.5,470.34,
463.3,472.79,478.16,474.57,
474.71,480.32,471.87,469.74,
467.64,471.4,477.73,486.73,
493.58,491.06,496.09,493.23,
501.65,492.05,482.88,487.09,
492.04,498.4,498.55,499.15,
502.57,508.95,517.59,512.19,
514.48,512.62,506.87,510.6,
511.94,502.41,505.55,503.05,
501.2,508.75,514.1,506.11,
506.98,498.57,496.52,494.76,
500.74,503.22,508.19,509.94,
514.04,508.11,517.9,510.02,
504.03,512.25,502.84,498.73,
492.3,487.41,478.74,487.71,
493.24,489.62,496.05,504.92,
510.66,504.5,501.81,492.13,
494.48,490.47,484.61,486.28,
477.29,469.17,462.71,466.99,
469.43,464.17,459.29,466.98,
459.99,460.23,463.63,469.88,
464.68,462.06,466.05,468.13,
472.43,481.39,485.22,491.98,
485.55,494.82,500.02,496.45,
496.59,506.2,508.18,504.14,
499.37,489.96,497.27,502.91,
497.98,496.3,488.84,489.94,
487.58,489.6,484.88,478.23,
469.5,473.59,481.34,475.21,
475.42,471.11,476.62,469.99,
469.53,479.07,480.45,488.74,
484.97,486.76,490.18,481.48,
473.03,482.73,480.05,471.66,
475.24,465.69,460.94,463.68,
471.24,464.35,469.21,465.87,
469.39,469.87,479.75,471.85,
469.81,473.55,471.92,468.04,
462.67,464.51,461.47,471.2,
467.45,468.85,475.46,467.23,
476.24,473.29,482.41,489.25,
488.2,492.0,487.33,485.03,
490.89,485.46,479.81,487.76,
491.68,486.56,489.58,495.22,
499.48,496.09,495.08,492.38,
488.44,489.34,488.52,489.58,
481.93,478.97,475.85,467.26,
473.64,482.32,476.44,480.0,
480.46,472.08,471.7,463.34,
469.9,476.58,473.44,470.35,
479.35,486.14,492.79,493.77,
484.39,489.24,487.99,480.94,
489.75,491.84,492.08,482.22,
488.18,495.3,498.76,505.64,
509.11,508.56,512.27,519.28,
510.58,516.61,521.12,511.56,
506.79,496.94,488.18,489.83,
499.43,503.92,497.67,506.79,
501.32,505.31,495.33,486.4,
483.68,475.31,484.89,478.33,
470.41,464.26,472.06,479.44,
482.39,473.41,482.98,483.87,
492.43,492.7,499.82,498.69,
493.16,491.46,497.89,489.21,
491.62,491.95,488.26,482.36,
489.97,499.59,496.67,491.87,
495.92,499.36,497.3,492.92,
498.48,497.47,488.79,487.35,
494.15,485.12,480.17,488.08,
486.94,495.41,487.12,481.32,
491.18,497.82,490.48,497.43,
500.56,503.79,499.59,491.71,
491.2,487.51,480.32,474.55,
481.48,472.69,466.87,463.93,
471.57,475.96,471.07,468.96,
477.36,472.2,464.79,461.34,
462.68,469.96,465.61,472.38,
469.46,470.52,472.57,468.31,
460.47,462.89,467.99,471.78,
481.02,480.08,487.82,488.98,
490.59,487.89,482.9,487.28,
481.49,481.56,483.8,490.31,
499.03,504.83,495.71,498.84,
508.37,514.11,511.12,508.81,
505.86,507.41,516.74,518.45,
522.59,519.98,517.23,508.35,
514.88,519.28,517.92,520.79,
514.92,518.89,516.07,524.32,
533.08,530.92,522.27,516.5,
517.07,514.45,515.53,517.8,
518.65,528.17,527.1,527.87,
517.9,521.9,519.73,521.99,
517.2,518.33,508.47,498.64,
506.82,498.23,496.41,501.88,
508.73,499.8,494.97,504.44,
497.85,505.63,498.4,495.81,
499.52,490.86,490.48,483.53,
490.08,481.71,476.04,483.78,
492.23,501.56,502.6,509.23,
509.97,503.98,507.23,514.24,
511.1,503.06,512.99,510.11,
512.84,507.07,500.33,497.72,
502.48,496.98,489.45,483.47,
478.27,468.31,461.32,467.47,
467.09,463.87,457.91,464.0,
460.57,452.15,444.38,437.77,
438.76,442.45,447.48,440.83,
434.29,431.69,427.46,422.65,
422.56,414.09,423.59,427.35,
422.62,428.09,430.26,420.96,
418.2,417.25,425.83,433.1,
440.13,430.82,432.27,427.93,
428.09,420.58,411.9,417.34,
419.77,410.15,413.26,413.28,
416.01,414.08,415.25,422.6,
418.81,412.25,408.07,415.24,
422.76,424.09,426.76,422.64,
430.08,431.38,435.05,440.82,
437.23,444.85,451.6,450.12,
448.99,451.57,453.25,455.18,
460.98,464.67,457.29,466.83,
458.7,448.73,438.92,442.4,
450.15,447.78,452.55,461.5,
457.91,458.54,466.97,463.08,
465.92,469.3,476.87,480.21,
477.42,484.65,490.03,491.33,
485.36,492.72,498.99,503.66,
513.28,504.01,501.11,505.74,
505.85,508.54,507.71,506.93,
503.22,500.02,496.12,497.52,
498.08,498.17,495.79,497.63,
496.07,488.44,483.68,481.9,
481.77,484.11,485.74,485.99,
494.69,502.9,504.22,508.05,
507.76,517.19,509.81,511.78,
502.64,511.08,512.92,504.06,
503.25,505.65,507.82,511.63,
503.56,502.24,493.85,497.34,
488.15,482.87,488.0,487.45,
489.33,486.72,483.9,481.83,
480.88,490.62,492.12,488.35,
491.04,494.48,498.4,490.48,
495.54,504.69,503.79,506.85,
506.95,505.49,498.7,493.01,
497.29,493.25,496.64,498.22,
505.5,495.55,501.65,505.88,
501.55,496.06,490.52,485.09,
479.45,488.15,481.43,487.81,
496.28,487.76,481.86,473.15,
474.15,471.76,478.15,474.62,
475.25,467.2,472.36,474.7,
466.72,473.82,478.47,478.99,
481.9,480.89,476.03,473.63,
477.34,471.21,478.13,472.47,
482.04,487.36,495.66,487.91,
494.32,500.6,508.18,518.13,
512.86,510.29,513.58,519.72,
529.18,521.05,520.32,521.76,
530.57,533.21,536.83,541.74,
537.39,535.89,540.68,532.69,
534.25,526.53,526.88,518.63,
518.03,527.19,536.03,540.09,
535.64,544.48,554.18,561.69,
560.66,556.99,557.41,556.47,
555.18,561.69,553.32,554.94,
562.73,568.77,576.38,579.29,
574.05,567.78,573.95,576.63,
579.42,581.99,588.93,587.98,
594.22,590.62,598.79,595.68,
589.58,580.58,584.72,580.87,
573.54,568.89,572.36,571.45,
574.12,568.75,561.98,561.23,
558.68,568.4,558.7,558.1,
552.77,550.75,556.23,550.48,
543.47,537.09,546.68,545.75,
544.62,543.16,550.78,544.61,
536.88,528.02,527.7,535.27,
528.21,528.62,523.5,532.03,
526.16,533.69,530.48,523.7,
517.33,519.72,511.43,518.75,
525.29,533.78,524.23,523.19,
531.7,526.94,524.84,531.75,
521.83,529.18,524.79,530.07,
522.16,528.89,526.28,527.74,
529.08,522.85,522.1,523.05,
528.05,527.12,520.18,521.66,
528.58,527.48,529.23,524.85,
521.16,515.63,522.0,521.07,
511.7,520.54,511.63,520.82,
521.32,526.43,528.06,529.2,
528.01,524.93,527.8,536.14,
526.72,525.87,525.13,524.97,
526.84,518.36,526.45,532.98,
525.66,516.76,522.37,517.66,
521.58,511.9,520.34,514.91,
510.73,514.68,524.63,522.82,
528.27,525.36,523.92,517.34,
519.9,524.75,519.25,514.54,
509.0,505.37,505.02,500.05,
501.49,498.64,501.13,508.98,
512.42,511.86,519.08,522.17,
525.66,516.4,517.88,524.72,
530.38,523.89,527.81,530.09,
528.14,536.36,529.6,537.74,
547.47,552.7,549.74,546.33,
543.98,551.83,544.58,549.05,
549.05,545.31,555.2,548.34,
550.58,545.61,548.75,558.56,
561.28,557.57,551.75,559.23,
551.13,546.41,554.56,563.78,
560.05,551.75,555.97,553.92,
547.69,543.42,541.21,536.46,
545.64,539.97,545.79,549.9,
545.85,540.46,542.53,551.9,
558.14,567.11,575.63,574.63,
582.04,579.94,574.99,583.94,
588.87,591.81,596.18,603.12,
593.74,589.32,581.19,576.19,
577.2,584.7,578.68,569.6,
565.63,557.49,547.71,540.6,
531.52,526.28,532.93,530.98,
532.34,540.6,548.24,542.81,
533.85,525.36,515.61,509.31,
503.3,497.67,504.42,498.54,
492.96,488.04,479.98,480.74,
478.54,471.35,471.67,473.51,
469.42,476.04,484.26,487.56,
481.83,488.19,479.25,474.57,
465.52,455.61,463.98,460.26,
468.76,464.77,454.94,447.08,
448.5,454.9,462.36,465.43,
460.46,454.19,454.09,450.67,
451.54,448.83,456.93,464.06,
468.3,476.92,468.21,476.42,
467.42,459.3,457.98,456.88,
463.1,459.59,451.76,453.66,
450.84,454.42,447.74,456.65,
462.19,456.64,447.98,439.23,
445.89,443.16,440.02,445.25,
445.01,449.68,444.24,447.27,
437.64,433.42,431.11,434.25,
432.61,429.51,419.83,416.43,
408.84,408.68,409.56,403.41,
412.92,417.2,417.36,411.05,
406.0,405.23,399.34,393.07,
385.32,377.43,368.5,378.47,
371.17,370.22,371.64,368.11,
366.49,366.59,365.03,359.78,
352.94,351.52,342.93,351.93,
344.82,335.99,326.81,317.24,
315.25,315.28,313.77,306.86,
301.54,303.92,309.2,303.79,
293.91,300.33,295.59,296.82,
286.92,282.65,282.84,275.59,
274.29,282.43,278.12,269.12,
261.29,252.25,253.78,245.56,
253.29,262.17,271.67,269.12,
277.72,269.33,265.5,265.82,
257.39,255.71,255.95,252.52,
243.96,236.0,233.25,237.06,
237.83,228.22,218.45,212.62,
217.26,208.37,211.03,211.04,
204.22,195.68,187.99,179.69,
189.16,186.14,185.97,184.37,
190.18,191.51,199.07,190.39,
186.48,190.17,188.14,197.72,
196.7,202.43,208.32,207.93,
204.35,205.91,208.38,209.53,
203.22,201.04,206.08,214.7,
215.2,223.51,225.52,232.01,
224.66,227.99,232.32,231.42,
224.37,230.84,222.78,214.43,
210.31,213.25,209.13,212.14,
220.35,224.65,218.48,223.08,
225.43,230.3,223.16,213.82,
208.82,201.39,207.34,205.25,
211.56,205.72,209.97,217.75,
210.43,212.79,221.18,218.08,
219.94,211.73,206.99,208.64,
208.35,210.76,210.11,204.56,
198.52,193.35,201.9,198.66,
192.76,188.71,182.02,178.44,
186.51,178.01,172.11,170.56,
167.98,158.96,154.68,145.17,
150.73,148.19,138.36,142.96,
133.15,138.6,134.5,139.0,
135.12,125.71,130.58,122.06,
123.8,129.66,137.54,135.3,
134.52,132.32,123.64,120.59,
123.56,121.54,127.02,124.65,
118.22,117.28,125.45,117.3,
122.01,128.09,130.22,136.21,
140.96,146.71,137.79,135.49,
137.85,143.27,138.17,135.07,
133.85,142.6,134.12,140.86,
143.23,149.66,157.86,158.26,
163.21,154.03,151.27,160.41,
155.07,161.19,161.72,162.15,
162.72,158.83,160.61,157.74,
159.84,156.33,147.4,156.05,
154.22,145.7,140.93,142.69,
146.16,155.82,156.62,159.47,
168.8,161.62,165.45,171.3,
171.71,165.43,160.21,163.05,
168.05,169.36,161.25,166.9,
175.47,181.3,190.12,191.66,
189.96,194.06,186.48,181.5,
183.97,189.21,194.72,190.29,
182.68,174.45,173.87,179.7,
175.52,171.15,175.28,169.23,
172.14,179.04,171.81,178.97,
170.35,178.94,172.76,178.54,
188.25,195.1,186.68,186.42,
186.17,177.74,169.39,160.73,
158.44,161.07,162.57,169.78,
175.34,166.42,165.73,156.67,
157.56,162.88,169.85,171.22,
171.15,174.17,169.61,178.04,
176.31,170.3,168.3,164.46,
166.15,161.03,153.34,159.89,
152.94,156.93,152.26,158.98,
157.71,150.52,151.28,142.62,
149.36,140.63,141.63,147.56,
139.74,142.3,148.08,155.05,
157.37,163.98,173.2,182.68,
178.4,174.29,165.16,174.5,
183.79,190.52,188.75,180.02,
180.1,182.09,191.45,187.57,
180.85,183.6,187.02,183.98,
180.68,179.1,186.05,192.64,
186.59,176.74,177.76,177.68,
169.23,160.84,161.74,160.2,
164.04,160.0,150.16,159.14,
151.67,159.46,151.19,157.13,
165.85,157.67,152.46,153.79,
151.09,155.02,161.45,159.56,
164.4,162.39,167.07,169.77,
166.66,161.46,158.59,157.88,
153.43,156.18,155.41,162.18,
162.57,165.54,161.58,151.88,
161.27,158.92,153.09,157.62,
165.9,165.15,169.75,162.72,
159.95,153.86,154.56,155.27,
162.7,167.14,176.41,178.28,
169.3,175.22,184.1,190.14,
195.71,190.45,185.05,181.45,
171.95,179.29,181.7,189.17,
179.54,171.68,171.29,166.62,
173.93,170.31,168.17,160.67,
165.77,167.22,162.65,162.67,
171.54,165.46,160.96,154.47,
147.45,152.99,152.12,155.7,
163.9,172.7,168.85,173.95,
174.71,173.74,173.96,168.5,
166.39,160.69,155.64,154.59,
160.26,169.09,162.68,155.53,
153.76,156.07,149.22,145.66,
148.93,155.73,151.11,155.36,
156.02,157.54,163.52,172.85,
175.43,172.88,168.86,177.89,
170.06,169.01,175.53,181.97,
172.68,170.86,172.86,176.61,
170.32,164.18,163.15,156.07,
152.51,153.23,153.81,159.51,
166.74,174.5,177.09,179.11,
185.0,188.8,192.99,190.54,
199.2,201.01,195.68,186.96,
188.69,196.96,188.2,193.78,
186.05,176.35,178.52,185.09,
188.03,196.8,202.91,206.52,
210.91,216.34,210.12,201.18,
207.02,204.11,211.1,201.43,
201.14,193.83,200.76,204.9,
205.34,215.31,216.3,217.57,
209.54,212.39,222.1,214.86,
210.15,211.61,208.17,202.73,
210.41,203.25,195.0,194.22,
187.89,187.63,186.4,179.75,
188.28,186.17,185.36,191.6,
185.95,182.46,187.34,190.3,
189.44,185.57,190.08,193.38,
190.91,184.44,186.65,186.49,
185.58,194.98,185.01,183.22,
183.43,181.03,188.94,197.38,
202.59,203.43,209.17,212.05,
219.38,227.48,217.77,221.11,
213.25,208.06,211.23,211.23,
203.2,205.19,205.3,204.22,
198.63,191.32,181.48,173.84,
171.83,172.0,181.65,189.73,
192.98,195.48,189.97,193.76,
201.14,209.49,205.07,204.43,
209.36,214.1,216.29,223.39,
229.63,225.68,225.12,233.92,
230.37,233.79,235.88,240.23,
236.74,236.36,234.28,225.25,
217.84,212.03,209.19,200.79,
191.99,184.31,187.49,187.36,
189.97,189.03,198.0,207.72,
214.94,222.8,216.58,220.5,
224.25,215.36,208.37,211.63,
214.45,218.78,211.71,205.77,
211.96,219.82,226.26,225.71,
215.99,214.34,220.86,214.27,
212.31,214.89,208.73,207.22,
211.91,207.07,201.05,209.42,
216.98,225.67,229.44,233.48,
241.56,240.12,232.58,224.7,
218.37,227.42,217.8,218.42,
215.32,212.99,212.66,219.2,
223.16,218.02,216.67,222.94,
225.77,233.48,232.54,223.24,
226.25,235.26,230.53,232.97,
237.2,227.51,218.03,209.47,
200.21,206.73,207.51,206.28,
209.0,206.43,197.09,205.94,
212.25,222.04,227.1,223.22,
218.89,219.9,224.8,215.99,
225.3,224.38,215.25,220.66,
229.42,231.82,229.5,237.49,
230.91,238.39,230.33,221.63,
219.61,213.23,215.79,225.4,
217.68,221.02,220.51,224.52,
217.69,211.31,214.92,223.05,
216.1,224.96,231.95,239.51,
240.8,235.62,236.86,230.68,
230.27,228.81,238.4,242.97,
234.47,227.15,228.91,235.09,
231.28,238.15,238.49,229.9,
220.49,222.97,222.89,228.2,
224.34,227.91,236.0,231.14,
229.88,222.87,217.81,226.49,
221.31,230.45,224.75,215.15,
220.94,226.14,219.85,228.38,
237.29,239.13,233.95,230.21,
234.84,239.46,237.43,236.28,
235.53,241.54,241.12,241.3,
243.97,238.81,234.31,230.13,
225.68,235.62,228.86,224.85,
219.25,221.91,222.69,216.14,
225.16,222.82,225.96,217.24,
216.29,223.98,233.53,228.99,
231.85,228.46,236.83,236.68,
231.0,233.76,224.34,230.2,
235.15,229.65,230.16,230.88,
228.15,227.02,221.34,219.01,
226.41,223.75,226.46,226.57,
236.05,226.69,232.13,223.92,
226.66,232.46,238.05,233.44,
226.66,220.58,210.66,205.34,
198.51,204.68,206.65,214.17,
212.72,206.57,207.75,212.21,
209.97,202.94,207.42,210.2,
215.07,215.98,214.62,221.21,
220.73,218.79,211.15,217.84,
214.98,221.32,225.11,233.86,
224.42,227.09,233.93,240.51,
232.08,237.5,232.5,233.33,
234.99,225.42,230.38,222.56,
220.89,215.8,222.19,219.32,
227.9,224.08,214.09,207.85,
208.52,212.72,221.1,219.47,
226.06,227.57,221.72,220.08,
218.79,221.12,215.8,207.81,
202.83,210.03,206.93,198.23,
199.48,196.84,202.61,212.17,
204.86,201.6,194.54,184.58,
177.82,167.88,174.51,178.68,
184.09,182.58,181.74,173.71,
174.33,172.1,163.41,162.49,
155.09,154.76,158.67,159.31,
164.27,162.57,160.32,157.64,
162.0,161.15,162.4,170.21,
172.55,170.46,178.44,187.51,
192.09,192.22,195.67,199.04,
189.1,185.0,184.72,193.2,
195.07,191.78,192.26,198.49,
197.92,193.57,196.73,201.42,
210.08,204.44,211.55,221.2,
221.47,221.23,217.74,207.93,
201.41,192.64,201.07,197.34,
197.9,202.15,203.59,198.63,
192.67,200.68,205.77,214.79,
214.77,212.12,207.82,216.86,
221.74,215.83,222.71,229.2,
219.33,228.97,222.43,219.74,
219.24,211.4,206.6,211.81,
209.86,208.79,210.32,204.8,
201.0,204.99,203.99,202.73,
208.87,214.94,223.22,221.26,
216.69,214.55,206.08,206.08,
210.98,220.06,220.81,225.62,
217.88,227.55,230.58,234.1,
228.25,237.17,244.9,253.15,
247.22,241.39,242.28,233.17,
230.12,228.69,223.65,214.31,
205.16,197.01,194.43,196.57,
205.4,200.62,206.58,210.3,
216.31,225.85,217.0,220.09,
215.67,205.86,205.94,214.53,
207.62,208.04,217.58,217.68,
214.92,208.05,216.07,209.41,
200.89,197.0,194.55,203.94,
211.99,204.43,204.1,201.03,
196.21,188.63,183.21,176.58,
182.55,179.62,172.36,182.04,
172.19,163.08,156.81,153.31,
152.93,157.21,153.88,155.31,
162.51,169.31,162.43,166.21,
159.2,167.9,174.4,174.11,
165.88,156.85,157.72,159.21,
150.98,149.39,143.5,146.13,
146.19,149.98,154.05,153.21,
149.81,149.98,148.31,148.56,
139.08,141.42,139.57,140.78,
135.14,126.07,126.98,133.29,
134.86,136.34,145.77,139.74,
136.97,127.72,124.0,116.35,
119.11,116.44,108.38,99.49,
91.47,93.84,91.01,96.9,
96.64,93.57,102.97,99.99,
99.68,107.75,108.44,117.1,
109.5,101.12,95.2,91.15,
91.49,95.47,90.65,99.73,
93.63,83.93,92.03,86.12,
93.14,88.79,96.98,93.39,
88.11,95.22,103.63,96.53,
91.34,90.12,90.19,90.79,
88.35,97.45,107.0,114.33,
115.96,110.26,117.09,126.73,
126.03,119.52,124.77,117.72,
122.65,122.98,119.06,125.87,
126.34,122.44,123.62,129.21,
132.87,127.07,135.27,125.4,
123.6,124.61,127.73,127.66,
136.49,132.89,142.56,151.67,
146.64,153.91,160.13,156.38,
156.47,151.46,154.05,159.72,
166.73,162.35,171.79,167.48,
167.62,177.39,179.46,178.9,
179.9,182.91,180.22,175.73,
183.79,175.38,183.12,183.09,
181.96,173.62,164.68,171.18,
162.96,154.6,161.89,157.7,
163.1,166.32,158.18,148.27,
140.9,144.64,154.59,154.96,
164.52,163.69,163.22,155.61,
164.4,160.69,163.52,162.23,
172.08,180.68,187.55,190.18,
196.93,188.01,193.44,190.15,
185.8,191.75,186.37,179.12,
169.43,169.88,172.66,170.43,
170.65,170.94,161.52,163.83,
157.17,156.1,149.53,159.41,
157.92,159.14,162.84,153.7,
150.96,153.62,146.49,145.4,
141.38,132.29,135.13,133.94,
130.31,137.13,140.36,132.89,
134.57,125.54,127.65,131.82,
131.38,139.87,148.74,146.03,
138.1,144.35,145.5,146.07,
151.45,161.4,165.73,156.6,
157.33,158.47,155.29,149.61,
142.04,148.22,148.8,144.49,
154.05,161.96,166.11,173.67,
163.75,165.18,172.37,169.12,
171.69,177.19,168.83,168.45,
160.79,154.68,154.3,157.45,
158.33,155.77,157.81,152.36,
151.12,142.49,140.9,141.99,
144.4,139.87,137.51,127.81,
127.16,124.08,124.17,132.77,
123.3,123.92,126.79,130.88,
129.28,129.17,126.48,131.3,
138.51,140.62,143.35,152.89,
143.73,152.1,155.66,150.6,
148.87,155.93,154.91,160.3,
157.86,158.86,162.47,163.39,
159.01,152.24,148.2,150.0,
147.32,151.15,151.81,155.62,
150.2,148.36,140.31,140.92,
134.11,141.8,149.75,150.73,
147.43,142.17,145.3,142.55,
142.86,146.59,141.32,140.99,
150.22,145.65,140.14,149.74,
153.61,156.71,157.79,161.87,
157.55,149.48,153.12,155.88,
160.58,152.1,156.04,159.51,
151.91,151.45,151.35,155.91,
157.29,152.07,161.78,154.56,
148.24,143.08,144.48,148.04,
138.14,129.86,124.19,127.73,
128.89,125.94,133.92,139.63,
139.95,136.58,134.84,134.06,
128.72,132.38,139.82,139.93,
142.13,141.09,133.92,133.21,
128.91,133.2,130.25,122.96,
120.17,115.61,110.68,119.66,
117.71,108.84,99.94,108.82,
118.34,112.07,120.54,130.07,
121.85,120.97,124.35,134.03,
136.12,142.13,143.08,139.85,
141.59,150.44,148.59,139.57,
142.46,138.27,132.28,140.99,
137.35,135.77,131.1,133.57,
127.51,125.57,119.53,124.31,
124.17,116.5,115.27,110.91,
109.74,112.83,112.1,104.09,
96.24,96.86,103.02,96.2,
90.45,88.54,81.85,73.62,
65.92,69.16,79.0,75.24,
79.71,70.2,63.11,61.45,
58.49,66.97,60.85,55.54,
62.46,61.72,65.51,58.44,
64.93,55.51,49.21,39.58,
39.93,40.56,41.91,44.71,
34.8,30.7,34.59,37.39,
45.38,52.9,50.24,42.47,
39.77,47.33,48.81,43.47,
42.07,34.42,31.55,29.72,
26.86,30.34,26.61,20.17,
18.74,16.51,21.61,19.83,
13.29,22.06,22.89,21.82,
16.09,12.77,12.97,9.35,
14.17,9.46,10.33,3.38,
11.63,17.17,17.08,11.23,
5.59,2.8,4.73,6.91,
10.41,15.94,23.55,27.88,
22.96,26.17,30.54,27.92,
26.72,33.87,35.48,33.74,
43.12,39.33,40.87,34.0,
24.13,16.78,16.55,12.6,
14.74,17.26,20.45,16.13,
24.85,32.6,35.87,26.64,
24.37,16.16,24.73,18.11,
8.64,5.3,12.44,11.25,
17.42,19.52,28.34,27.22,
18.32,15.95,22.43,13.64,
8.19,12.94,11.96,4.03,
9.26,1.64,7.76,3.49,
-0.98,-0.55,8.67,-0.75,
6.72,6.14,1.95,6.14,
11.72,10.89,17.2,23.68,
15.93,23.31,32.22,32.49,
32.85,33.39,42.28,42.6,
35.52,42.66,51.72,51.45,
59.18,51.33,51.6,44.54,
46.09,40.05,34.63,44.56,
38.14,46.44,42.74,43.19,
43.79,42.69,38.73,38.8,
42.4,44.78,52.49,58.38,
54.91,50.32,59.73,60.36,
55.06,62.15,56.27,53.95,
44.3,43.59,43.75,42.41,
43.49,44.92,51.08,48.18,
51.6,43.56,43.11,34.78,
42.25,35.45,41.79,40.7,
40.42,44.19,52.5,54.74,
56.82,58.78,66.42,73.84,
77.03,81.75,75.43,81.9,
86.46,79.79,71.14,65.26,
67.86,76.18,73.41,81.29,
80.17,88.57,93.74,92.9,
85.97,83.27,84.46,91.91,
90.93,87.79,92.78,91.47,
82.6,85.68,84.95,75.38,
85.24,82.58,84.07,80.83,
73.44,81.93,72.75,67.5,
63.17,59.91,50.59,43.43,
52.24,46.14,53.06,61.95,
54.43,54.16,62.03,63.09,
62.23,56.51,55.95,51.12,
59.4,55.17,62.03,52.2,
55.33,45.44,37.2,45.79,
37.69,35.29,31.49,32.69,
28.06,24.24,19.59,21.47,
19.52,22.11,15.21,19.56,
24.81,27.76,23.05,17.7,
16.89,25.47,23.75,31.64,
38.77,42.64,33.29,26.45,
27.15,19.34,10.57,19.66,
26.44,26.22,25.33,34.42,
32.65,26.93,18.07,21.92,
22.05,28.89,24.87,20.66,
20.66,18.19,23.66,17.0,
13.71,20.03,19.05,11.42,
4.82,2.32,8.82,8.13,
11.83,19.04,13.24,21.07,
17.84,17.69,15.03,10.97,
11.38,13.03,13.24,18.13,
20.09,13.22,6.41,1.7,
0.97,2.09,-6.1,-9.02,
-10.54,-11.17,-15.21,-6.72,
-9.57,-14.77,-11.57,-17.49,
-12.17,-16.94,-24.64,-20.76,
-19.65,-13.41,-13.55,-10.86,
-18.4,-10.42,-14.87,-24.06,
-29.07,-33.72,-26.93,-35.27,
-45.24,-37.63,-33.78,-36.5,
-40.95,-33.2,-27.52,-33.95,
-26.21,-29.0,-23.89,-24.46,
-22.03,-28.58,-20.45,-27.92,
-18.14,-21.46,-21.58,-25.84,
-30.66,-22.32,-18.1,-27.16,
-24.01,-32.14,-30.26,-23.03,
-17.59,-13.32,-22.09,-22.57,
-17.17,-15.29,-7.08,-1.99,
-1.29,-4.73,0.93,-5.57,
-11.01,-18.16,-27.46,-27.15,
-32.34,-39.73,-32.27,-36.99,
-31.25,-23.55,-14.37,-16.38,
-23.43,-29.63,-35.66,-42.13,
-47.27,-47.38,-52.85,-62.8,
-68.74,-74.89,-67.59,-65.19,
-57.54,-51.51,-52.13,-44.12,
-37.52,-43.28,-40.69,-41.55,
-47.09,-54.81,-51.92,-57.04,
-51.75,-43.36,-46.46,-40.08,
-31.02,-37.13,-46.74,-52.95,
-49.33,-54.27,-55.5,-55.03,
-50.52,-57.47,-51.23,-48.84,
-45.76,-44.06,-37.83,-35.97,
-45.54,-40.22,-39.22,-33.18,
-23.99,-22.44,-15.8,-13.43,
-17.28,-26.6,-35.18,-26.17,
-28.1,-19.82,-12.46,-13.41,
-17.04,-24.68,-25.22,-23.64,
-28.39,-29.73,-30.88,-40.29,
-37.21,-40.86,-47.69,-55.56,
-46.05,-38.92,-32.83,-33.8,
-39.5,-38.09,-36.06,-36.77,
-34.48,-39.08,-36.77,-36.13,
-43.19,-38.3,-44.2,-41.96,
-42.6,-42.27,-45.88,-50.2,
-60.05,-60.25,-66.42,-67.0,
-66.76,-70.33,-60.98,-52.02,
-61.31,-64.56,-64.07,-70.2,
-77.26,-75.17,-71.95,-72.1,
-69.13,-75.32,-67.95,-61.72,
-55.52,-45.89,-36.52,-45.89,
-52.86,-59.67,-55.46,-57.6,
-57.92,-63.54,-67.05,-57.48,
-61.51,-57.95,-51.51,-44.38,
-47.99,-42.64,-43.98,-51.58,
-61.18,-56.8,-49.85,-42.31,
-49.43,-50.31,-59.8,-54.55,
-57.53,-48.89,-40.46,-36.84,
-35.04,-30.57,-25.43,-20.9,
-11.02,-11.46,-8.78,-1.37,
-3.94,2.47,1.34,-0.1,
-1.02,1.32,8.85,0.38,
1.58,0.34,10.17,0.72,
-8.41,-6.17,-12.17,-15.16,
-23.05,-17.82,-8.07,-11.71,
-13.26,-14.02,-13.66,-15.97,
-23.15,-23.61,-27.05,-21.7,
-25.51,-26.45,-27.21,-24.31,
-23.52,-22.94,-21.35,-23.06,
-29.83,-27.39,-28.61,-33.88,
-25.86,-22.5,-15.32,-15.84,
-13.56,-22.18,-30.67,-23.5,
-28.98,-30.74,-33.55,-39.83,
-39.59,-31.58,-24.03,-24.52,
-29.71,-24.3,-23.91,-19.53,
-29.39,-21.1,-13.01,-13.27,
-21.02,-24.47,-24.64,-33.93,
-33.81,-31.62,-31.91,-23.97,
-30.26,-24.78,-34.62,-36.08,
-45.45,-39.09,-45.2,-45.26,
-49.4,-40.57,-35.9,-45.86,
-43.86,-50.44,-50.1,-54.2,
-52.98,-55.56,-49.45,-50.97,
-45.54,-45.25,-53.33,-45.86,
-47.85,-50.24,-54.87,-46.67,
-42.69,-50.95,-59.07,-60.67,
-51.96,-60.14,-65.45,-67.28,
-63.38,-63.92,-64.24,-65.8,
-75.13,-77.13,-77.96,-81.94,
-82.45,-81.52,-73.51,-66.35,
-61.42,-66.45,-76.42,-67.87,
-63.41,-56.28,-50.45,-46.19,
-41.88,-46.64,-54.13,-47.47,
-43.36,-33.65,-34.38,-28.66,
-33.89,-34.77,-26.13,-35.75,
-44.54,-35.48,-44.74,-42.82,
-42.91,-46.94,-51.95,-50.91,
-49.81,-42.56,-34.66,-36.1,
-45.29,-40.48,-36.57,-36.47,
-38.68,-43.21,-45.63,-40.4,
-38.33,-40.44,-40.12,-47.44,
-38.03,-28.11,-25.47,-34.21,
-31.66,-27.1,-20.43,-25.78,
-32.72,-27.67,-28.71,-28.39,
-35.16,-42.57,-35.31,-37.03,
-40.29,-40.96,-41.19,-43.12,
-50.03,-45.71,-40.67,-46.0,
-49.3,-52.18,-46.02,-53.76,
-63.11,-67.57,-63.8,-58.81,
-62.72,-61.17,-56.73,-59.98,
-69.64,-63.36,-71.4,-65.48,
-69.21,-62.57,-68.43,-73.05,
-70.42,-61.93,-57.42,-49.46,
-46.05,-54.94,-48.69,-44.84,
-34.87,-37.87,-37.95,-33.22,
-34.66,-39.89,-48.27,-40.83,
-31.93,-24.94,-19.92,-28.77,
-20.4,-26.9,-27.39,-33.02,
-24.58,-32.89,-37.5,-43.26,
-42.48,-44.1,-47.74,-48.27,
-52.31,-45.63,-42.64,-37.26,
-34.89,-42.45,-41.42,-37.32,
-45.69,-52.68,-60.24,-54.29,
-60.65,-56.89,-52.88,-59.66,
-62.88,-68.13,-66.0,-63.05,
-61.72,-70.94,-76.94,-82.06,
-78.24,-80.11,-74.64,-72.96,
-63.79,-63.42,-66.66,-71.29,
-62.08,-63.01,-70.76,-65.03,
-64.55,-58.71,-51.65,-59.23,
-59.86,-63.74,-55.77,-59.06,
-61.43,-52.45,-46.17,-38.87,
-46.23,-52.35,-57.63,-67.48,
-72.35,-74.33,-73.48,-82.01,
-89.9,-82.05,-80.17,-73.12,
-67.62,-65.62,-56.45,-54.12,
-54.8,-57.7,-57.89,-48.81,
-56.69,-57.58,-51.85,-42.17,
-52.16,-56.09,-59.18,-50.85,
-59.7,-57.63,-55.06,-63.19,
-72.31,-69.95,-61.3,-61.69,
-68.71,-72.96,-67.08,-59.33,
-68.02,-66.68,-62.05,-66.83,
-57.26,-57.18,-56.67,-47.19,
-52.97,-45.47,-52.56,-59.37,
-56.8,-54.31,-57.62,-63.83,
-72.66,-78.31,-80.06,-71.29,
-65.26,-56.17,-64.55,-57.21,
-55.79,-50.73,-49.13,-50.77,
-52.66,-60.09,-51.38,-59.0,
-65.87,-58.25,-50.12,-57.62,
-54.3,-57.64,-52.17,-44.33,
-35.41,-36.79,-44.54,-47.43,
-41.38,-44.48,-53.68,-55.35,
-59.99,-53.28,-45.96,-53.89,
-52.55,-46.3,-38.81,-46.57,
-51.2,-47.24,-45.53,-51.52,
-57.21,-55.63,-61.42,-63.57,
-60.02,-64.63,-55.76,-56.97,
-52.88,-44.83,-41.95,-33.96,
-28.41,-28.31,-31.15,-22.14,
-15.59,-8.48,-9.91,-19.12,
-21.86,-29.13,-22.35,-22.37,
-29.41,-24.32,-33.14,-24.78,
-22.8,-15.28,-22.59,-20.53,
-22.52,-14.95,-7.21,-7.14,
-13.98,-22.2,-24.58,-29.16,
-20.32,-17.46,-25.19,-28.42,
-29.81,-27.47,-35.89,-40.76,
-33.94,-29.84,-20.48,-27.26,
-32.69,-24.16,-19.25,-13.77,
-14.5,-19.5,-17.2,-9.27,
-11.75,-14.3,-10.07,-0.21,
-10.02,-2.19,3.59,5.6,
1.87,11.63,13.8,15.53,
20.93,19.31,19.12,27.24,
19.16,14.81,12.58,12.48,
12.65,17.35,12.67,4.63,
1.71,-5.57,3.31,8.71,
8.06,5.97,5.65,13.83,
5.98,4.78,-2.74,6.22,
16.22,21.62,23.02,20.52,
29.05,23.01,23.02,27.97,
25.63,28.15,23.96,19.45,
23.05,28.79,38.73,45.95,
35.98,34.74,33.0,26.93,
17.56,17.93,16.36,22.74,
21.63,14.22,9.43,10.11,
6.48,6.75,6.59,16.59,
18.75,17.21,10.57,14.11,
19.61,16.6,12.4,16.69,
8.16,2.27,4.58,-1.76,
-9.19,-2.89,-1.32,-5.57,
-6.03,-8.0,-11.86,-16.41,
-8.0,-2.69,-10.56,-19.92,
-20.38,-28.34,-30.64,-35.12,
-39.5,-35.8,-26.12,-19.92,
-13.92,-20.33,-18.71,-22.46,
-28.52,-34.18,-39.98,-45.3,
-51.07,-58.53,-50.15,-50.16,
-53.19,-47.32,-54.5,-63.52,
-58.17,-48.83,-43.55,-34.94,
-39.46,-49.21,-44.22,-40.95,
-31.92,-25.79,-18.37,-12.84,
-11.44,-18.15,-20.45,-17.03,
-16.99,-26.32,-34.18,-28.39,
-33.57,-33.09,-26.22,-18.01,
-27.61,-23.52,-15.16,-21.74,
-26.2,-28.87,-27.47,-19.41,
-10.7,-1.78,7.33,3.98,
-5.45,0.54,3.82,7.01,
15.44,17.38,13.74,12.61,
8.51,4.12,9.93,9.5,
13.98,14.11,20.48,18.72,
18.37,11.83,12.06,12.08,
3.18,9.51,16.44,17.71,
16.68,22.03,17.7,18.53,
12.43,6.5,1.99,9.49,
6.72,13.12,9.78,6.4,
-0.88,8.33,12.64,6.6,
10.52,7.22,0.53,-1.01,
-5.85,-9.16,-0.63,-5.93,
-7.26,-11.35,-7.72,-9.51,
-10.37,-13.53,-6.5,-9.3,
-2.6,-11.61,-5.37,-14.9,
-18.79,-26.56,-19.54,-27.59,
-31.25,-38.46,-35.45,-44.56,
-37.76,-41.16,-50.76,-57.12,
-62.49,-70.17,-75.43,-72.13,
-74.81,-73.7,-75.69,-79.06,
-87.93,-88.61,-96.86,-89.66,
-89.3,-95.56,-103.12,-108.62,
-107.03,-106.74,-107.03,-101.1,
-103.18,-109.82,-106.6,-110.52,
-100.79,-102.77,-100.56,-107.56,
-100.05,-93.33,-100.41,-101.62,
-103.23,-110.92,-114.46,-105.87,
-102.21,-110.28,-100.7,-100.99,
-108.17,-111.66,-115.99,-116.45,
-123.28,-121.93,-121.37,-121.06,
-115.71,-115.88,-120.34,-126.66,
-119.54,-126.93,-119.31,-121.71,
-113.23,-110.91,-108.03,-104.36,
-100.51,-97.95,-96.14,-87.41,
-78.11,-78.7,-82.64,-84.71,
-94.46,-98.74,-96.96,-89.65,
-95.32,-103.01,-99.71,-108.39,
-109.25,-107.13,-109.29,-113.41,
-108.83,-114.34,-121.74,-116.07,
-111.34,-111.85,-119.38,-128.28,
-137.02,-139.31,-132.71,-139.8,
-141.58,-141.9,-135.69,-139.39,
-137.54,-144.22,-136.84,-134.15,
-140.68,-134.7,-142.68,-136.62,
-132.43,-135.3,-127.98,-124.05,
-115.32,-108.14,-112.73,-118.98,
-109.5,-100.08,-104.92,-98.91,
-102.35,-99.7,-101.99,-97.53,
-96.77,-97.21,-92.81,-85.53,
-81.75,-83.83,-77.01,-73.32,
-65.08,-62.85,-66.94,-65.21,
-55.63,-48.05,-52.94,-61.88,
-68.08,-59.93,-62.59,-68.81,
-64.62,-70.36,-65.81,-57.57,
-58.44,-57.66,-67.25,-75.07,
-66.98,-67.2,-73.55,-82.08,
-79.5,-86.9,-80.39,-73.35,
-69.35,-61.0,-54.45,-54.12,
-63.63,-66.08,-72.33,-72.88,
-82.07,-74.33,-76.96,-86.51,
-79.32,-69.5,-65.13,-60.78,
-62.01,-53.6,-60.16,-63.83,
-58.24,-55.53,-58.41,-57.05,
-53.47,-52.68,-58.9,-57.89,
-60.84,-66.18,-69.22,-59.7,
-58.87,-57.1,-52.06,-58.92,
-53.33,-54.65,-50.53,-59.25,
-52.13,-56.41,-53.77,-52.67,
-58.67,-66.41,-71.1,-75.37,
-68.89,-62.56,-52.85,-57.52,
-50.46,-50.11,-46.84,-50.51,
-60.0,-50.79,-53.07,-52.31,
-59.26,-52.27,-43.26,-49.88,
-54.13,-54.28,-44.53,-46.39,
-55.21,-49.92,-47.64,-43.68,
-42.47,-47.8,-50.15,-47.46,
-48.75,-42.93,-52.28,-43.74,
-38.26,-31.6,-25.71,-28.95,
-25.52,-34.75,-39.81,-33.72,
-41.02,-32.57,-38.52,-39.66,
-35.39,-40.94,-45.69,-51.46,
-48.81,-41.94,-49.19,-55.73,
-58.42,-49.03,-45.54,-52.47,
-53.23,-52.51,-43.94,-52.84,
-55.73,-64.94,-62.99,-62.06,
-52.65,-48.63,-40.03,-48.3,
-57.97,-48.51,-43.09,-40.9,
-33.28,-25.19,-28.13,-23.0,
-26.14,-16.25,-9.78,-8.36,
-15.49,-23.08,-22.19,-27.81,
-31.81,-30.26,-22.31,-30.93,
-35.02,-26.12,-35.25,-26.56,
-28.25,-30.29,-24.75,-25.62,
-15.83,-18.52,-14.32,-11.11,
-14.24,-10.42,-4.31,-13.73,
-11.34,-14.96,-5.9,-4.84,
-10.63,-14.19,-17.28,-16.74,
-20.68,-29.5,-29.85,-34.95,
-29.6,-27.09,-28.49,-37.78,
-32.68,-41.34,-36.9,-41.57,
-47.15,-38.78,-42.43,-49.8,
-49.84,-50.76,-45.61,-43.6,
-50.7,-50.04,-52.48,-52.24,
-56.27,-53.17,-56.93,-59.0,
-63.58,-67.53,-57.86,-63.64,
-66.71,-61.58,-68.61,-70.34,
-78.88,-71.09,-75.75,-71.91,
-72.5,-79.67,-83.31,-86.36,
-94.31,-92.48,-91.86,-98.37,
-92.45,-90.46,-83.38,-75.0,
-72.94,-78.66,-75.9,-68.43,
-67.41,-72.53,-68.05,-64.25,
-74.22,-66.0,-57.85,-57.25,
-51.23,-52.97,-50.58,-42.64,
-35.66,-31.25,-39.11,-38.38,
-30.58,-24.15,-32.95,-24.35,
-30.87,-21.23,-29.8,-33.71,
-35.75,-43.23,-47.45,-46.14,
-55.27,-45.41,-39.29,-47.64,
-52.07,-52.61,-52.55,-61.53,
-62.61,-54.91,-56.85,-62.74,
-61.78,-59.46,-68.39,-78.25,
-84.24,-93.68,-101.85,-105.67,
-111.21,-109.89,-102.96,-106.84,
-100.24,-99.9,-109.83,-109.95,
-101.74,-95.61,-101.33,-109.69,
-104.1,-109.8,-103.92,-107.22,
-116.31,-116.29,-113.18,-112.97,
-104.53,-97.94,-91.9,-85.59,
-77.68,-76.66,-80.28,-81.25,
-89.37,-98.86,-95.55,-101.08,
-106.3,-110.0,-101.22,-93.08,
-84.15,-87.01,-95.69,-93.27,
-94.02,-92.07,-92.75,-101.51,
-108.37,-113.01,-109.85,-105.42,
-104.44,-98.23,-104.17,-97.41,
-98.94,-90.59,-92.22,-101.54,
-97.75,-90.32,-80.95,-78.23,
-85.4,-93.5,-93.25,-101.7,
-98.18,-90.07,-84.03,-84.83,
-92.33,-84.66,-93.39,-90.7,
-86.9,-82.65,-73.09,-77.69,
-84.82,-83.03,-87.55,-92.2,
-96.23,-96.06,-100.76,-102.63,
-98.23,-92.97,-93.39,-101.52,
-109.68,-110.1,-100.5,-91.42,
-95.21,-89.89,-98.08,-105.09,
-107.17,-111.63,-112.78,-106.96,
-101.63,-91.66,-90.21,-96.27,
-94.74,-96.8,-100.3,-108.83,
-113.47,-118.02,-125.55,-126.35,
-129.67,-137.6,-139.46,-141.74,
-142.61,-135.09,-126.11,-129.13,
-121.42,-112.01,-112.12,-120.56,
-124.09,-128.52,-119.67,-119.65,
-129.26,-134.4,-141.81,-132.93,
-124.12,-132.66,-125.94,-128.72,
-124.3,-132.13,-136.15,-132.27,
-126.85,-136.64,-140.94,-148.04,
-158.03,-164.75,-169.86,-167.66,
-171.27,-171.23,-180.29,-175.59,
-184.96,-187.89,-194.04,-202.2,
-202.96,-210.97,-204.79,-210.97,
-205.88,-204.3,-203.91,-206.9,
-204.97,-213.07,-203.97,-194.63,
-201.42,-203.47,-208.78,-202.42,
-203.59,-212.9,-204.0,-211.38,
-220.82,-216.26,-210.76,-211.6,
-209.97,-215.42,-215.47,-224.61,
-219.19,-218.25,-223.82,-231.65,
-240.86,-233.49,-224.27,-217.77,
-223.1,-216.08,-220.57,-215.77,
-218.13,-208.54,-208.1,-198.31,
-205.03,-201.43,-197.04,-207.03,
-201.18,-207.73,-207.51,-203.82,
-203.74,-198.2,-192.03,-182.08,
-188.31,-186.3,-190.49,-198.27,
-205.36,-203.47,-211.18,-209.01,
-208.47,-212.26,-204.32,-195.17,
-186.56,-183.83,-186.11,-192.33,
-195.08,-190.42,-184.12,-183.66,
-174.64,-173.69,-170.84,-162.94,
-169.86,-164.85,-165.67,-160.78,
-162.21,-169.29,-174.19,-166.59,
-166.62,-175.33,-166.5,-175.98,
-167.11,-161.1,-154.03,-150.95,
-159.3,-157.67,-164.89,-166.5,
-158.29,-153.89,-156.85,-158.57,
-156.7,-158.75,-157.45,-154.26,
-150.49,-145.55,-155.46,-159.27,
-163.0,-154.37,-148.21,-156.17,
-155.9,-154.1,-155.38,-148.15,
-143.77,-143.01,-137.11,-146.69,
-154.45,-164.32,-168.95,-175.84,
-168.85,-168.78,-159.3,-156.83,
-156.63,-149.57,-146.07,-144.77,
-145.31,-136.34,-127.56,-124.89,
-116.9,-121.53,-116.66,-123.58,
-123.16,-120.06,-121.63,-126.69,
-133.39,-124.38,-128.39,-130.42,
-129.54,-133.89,-135.96,-133.9,
-142.3,-141.91,-136.71,-137.91,
-138.68,-131.49,-126.89,-121.65,
-116.78,-115.54,-118.1,-113.95,
-122.2,-129.96,-136.49,-134.79,
-125.04,-128.18,-132.17,-126.59,
-129.48,-126.83,-131.15,-129.19,
-121.47,-129.71,-135.87,-134.21,
-127.6,-130.9,-136.13,-136.58,
-140.06,-148.91,-153.34,-151.84,
-158.41,-154.69,-155.89,-159.66,
-167.05,-167.48,-162.87,-162.94,
-165.25,-165.09,-166.24,-168.45,
-167.0,-163.71,-158.64,-151.45,
-150.77,-149.0,-150.38,-150.53,
-156.91,-149.07,-148.8,-153.01,
-146.39,-150.19,-145.13,-139.05,
-133.3,-125.88,-125.27,-119.53,
-129.03,-130.42,-135.46,-139.36,
-132.69,-135.72,-144.17,-134.91,
-143.07,-146.38,-149.97,-150.48,
-156.47,-162.29,-171.68,-167.83,
-174.35,-170.05,-174.41,-175.82,
-165.84,-169.84,-173.16,-178.51,
-171.8,-166.09,-165.01,-155.91,
-160.32,-154.19,-148.02,-145.51,
-155.11,-146.11,-155.76,-165.46,
-158.99,-161.27,-156.63,-152.8,
-160.09,-161.32,-152.0,-156.86,
-156.76,-151.79,-147.5,-152.51,
-147.06,-146.31,-152.7,-152.08,
-144.77,-137.67,-135.54,-127.53,
-129.89,-128.0,-126.03,-119.88,
-128.1,-133.22,-126.21,-131.27,
-124.64,-130.51,-121.69,-112.97,
-105.96,-100.52,-101.62,-108.77,
-114.41,-106.58,-101.55,-99.27,
-103.5,-111.54,-112.67,-104.47,
-96.43,-88.74,-91.11,-99.29,
-102.65,-100.06,-109.13,-104.58,
-95.24,-88.69,-85.93,-94.63,
-86.55,-82.18,-79.87,-73.31,
-74.66,-80.16,-77.74,-75.41,
-67.14,-59.75,-54.02,-46.87,
-40.39,-35.06,-32.55,-28.72,
-38.31,-30.68,-29.28,-33.01,
-40.3,-45.15,-45.49,-44.11,
-44.48,-54.36,-46.53,-40.06,
-34.88,-44.82,-45.08,-43.1,
-40.57,-48.46,-39.94,-45.08,
-50.55,-52.82,-59.44,-59.46,
-57.94,-55.64,-53.7,-58.63,
-68.14,-61.45,-60.58,-69.61,
-78.6,-87.46,-77.72,-84.84,
-88.75,-94.89,-93.23,-89.93,
-93.49,-99.87,-98.84,-104.18,
-108.7,-115.99,-118.23,-121.83,
-117.3,-112.76,-113.22,-104.58,
-110.74,-116.4,-123.21,-122.86,
-123.29,-113.92,-111.43,-114.02,
-112.74,-119.67,-110.14,-115.24,
-106.58,-102.81,-104.63,-104.12,
-102.09,-95.44,-104.61,-100.56,
-104.78,-98.85,-108.6,-104.45,
-102.8,-108.9,-99.7,-96.77,
-87.26,-96.63,-89.67,-92.76,
-87.53,-94.65,-102.5,-105.13,
-98.55,-98.85,-102.3,-105.16,
-103.12,-101.55,-108.94,-110.88,
-102.37,-101.39,-91.68,-99.71,
-98.01,-104.74,-110.76,-118.02,
-112.49,-114.34,-106.11,-104.52,
-99.57,-92.08,-88.48,-96.66,
-95.56,-96.4,-87.09,-90.08,
-94.81,-94.37,-92.91,-88.4,
-90.46,-91.72,-86.26,-90.99,
-87.25,-83.49,-79.1,-79.12,
-71.79,-62.84,-65.79,-65.01,
-63.88,-63.92,-69.3,-78.12,
-85.48,-93.8,-85.93,-85.84,
-92.37,-100.21,-107.03,-114.89,
-114.06,-114.07,-113.71,-116.92,
-117.59,-117.81,-109.72,-119.02,
-112.78,-110.34,-116.92,-123.46,
-128.61,-127.91,-119.24,-123.15,
-120.19,-123.08,-116.57,-116.8,
-125.52,-126.62,-124.66,-115.27,
-119.78,-122.19,-118.2,-111.17,
-120.5,-112.71,-107.68,-103.93,
-95.64,-97.42,-105.23,-107.95,
-114.39,-118.46,-125.55,-117.49,
-119.16,-126.21,-125.5,-119.44,
-127.32,-128.7,-121.31,-113.68,
-106.32,-112.71,-121.08,-116.76,
-111.83,-115.26,-106.25,-105.79,
-115.53,-122.76,-117.38,-110.82,
-101.21,-110.12,-117.37,-109.61,
-106.84,-112.57,-120.19,-111.59,
-114.49,-107.94,-115.47,-122.75,
-124.78,-128.09,-121.65,-114.97,
-114.8,-107.27,-104.8,-113.18,
-112.19,-119.38,-115.6,-107.15,
-110.82,-103.92,-101.8,-98.46,
-94.86,-86.81,-86.4,-89.6,
-88.23,-91.29,-84.7,-78.49,
-82.4,-77.4,-70.55,-73.58,
-78.25,-86.98,-80.28,-81.96,
-88.13,-83.61,-86.87,-82.41,
-78.41,-74.99,-65.43,-70.85,
-62.33,-70.01,-79.6,-81.9,
-75.06,-69.6,-67.44,-73.49,
-78.65,-80.28,-77.16,-72.49,
-68.65,-61.56,-58.33,-57.19,
-66.37,-61.23,-62.68,-67.21,
-76.0,-70.02,-73.36,-71.18,
-69.69,-76.31,-85.56,-81.88,
-75.1,-82.91,-89.86,-97.34,
-94.14,-102.35,-112.27,-111.96,
-109.12,-103.81,-101.61,-99.39,
-104.2,-109.09,-109.16,-106.11,
-100.47,-95.44,-105.32,-111.29,
-112.65,-107.7,-110.46,-102.75,
-101.66,-97.37,-99.27,-92.92,
-98.4,-97.35,-105.91,-113.5,
-105.56,-102.99,-105.59,-106.08,
-113.4,-116.96,-109.02,-115.64,
-115.64,-110.06,-101.15,